Theta [deg.]  Phi   [deg.]  Abs(Dir.)[dB    ]   Abs(Theta)[dB    ]  Phase(Theta)[deg.]  Abs(Phi  )[dB    ]  Phase(Phi  )[deg.]  Ax.Ratio[dB    ]    
------------------------------------------------------------------------------------------------------------------------------------------------------
-180.000          90.000           -2.000e+02          -2.000e+02               0.000          -2.000e+02               0.000           2.926e+01     
-179.000          90.000           -2.000e+02          -2.000e+02               0.000          -2.000e+02               0.000           2.926e+01     
-178.000          90.000           -2.000e+02          -2.000e+02               0.000          -2.000e+02               0.000           2.926e+01     
-177.000          90.000           -2.000e+02          -2.000e+02               0.000          -2.000e+02               0.000           2.926e+01     
-176.000          90.000           -2.000e+02          -2.000e+02               0.000          -2.000e+02               0.000           2.926e+01     
-175.000          90.000           -2.000e+02          -2.000e+02               0.000          -2.000e+02               0.000           2.926e+01     
-174.000          90.000           -2.000e+02          -2.000e+02               0.000          -2.000e+02               0.000           2.926e+01     
-173.000          90.000           -2.000e+02          -2.000e+02               0.000          -2.000e+02               0.000           2.926e+01     
-172.000          90.000           -2.000e+02          -2.000e+02               0.000          -2.000e+02               0.000           2.926e+01     
-171.000          90.000           -2.000e+02          -2.000e+02               0.000          -2.000e+02               0.000           2.926e+01     
-170.000          90.000           -2.000e+02          -2.000e+02               0.000          -2.000e+02               0.000           2.926e+01     
-169.000          90.000           -2.000e+02          -2.000e+02               0.000          -2.000e+02               0.000           2.926e+01     
-168.000          90.000           -2.000e+02          -2.000e+02               0.000          -2.000e+02               0.000           2.926e+01     
-167.000          90.000           -2.000e+02          -2.000e+02               0.000          -2.000e+02               0.000           2.926e+01     
-166.000          90.000           -2.000e+02          -2.000e+02               0.000          -2.000e+02               0.000           2.926e+01     
-165.000          90.000           -2.000e+02          -2.000e+02               0.000          -2.000e+02               0.000           2.926e+01     
-164.000          90.000           -2.000e+02          -2.000e+02               0.000          -2.000e+02               0.000           2.926e+01     
-163.000          90.000           -2.000e+02          -2.000e+02               0.000          -2.000e+02               0.000           2.926e+01     
-162.000          90.000           -2.000e+02          -2.000e+02               0.000          -2.000e+02               0.000           2.926e+01     
-161.000          90.000           -2.000e+02          -2.000e+02               0.000          -2.000e+02               0.000           2.926e+01     
-160.000          90.000           -2.000e+02          -2.000e+02               0.000          -2.000e+02               0.000           2.926e+01     
-159.000          90.000           -2.000e+02          -2.000e+02               0.000          -2.000e+02               0.000           2.926e+01     
-158.000          90.000           -2.000e+02          -2.000e+02               0.000          -2.000e+02               0.000           2.926e+01     
-157.000          90.000           -2.000e+02          -2.000e+02               0.000          -2.000e+02               0.000           2.926e+01     
-156.000          90.000           -2.000e+02          -2.000e+02               0.000          -2.000e+02               0.000           2.926e+01     
-155.000          90.000           -2.000e+02          -2.000e+02               0.000          -2.000e+02               0.000           2.926e+01     
-154.000          90.000           -2.000e+02          -2.000e+02               0.000          -2.000e+02               0.000           2.926e+01     
-153.000          90.000           -2.000e+02          -2.000e+02               0.000          -2.000e+02               0.000           2.926e+01     
-152.000          90.000           -2.000e+02          -2.000e+02               0.000          -2.000e+02               0.000           2.926e+01     
-151.000          90.000           -2.000e+02          -2.000e+02               0.000          -2.000e+02               0.000           2.926e+01     
-150.000          90.000           -2.000e+02          -2.000e+02               0.000          -2.000e+02               0.000           2.926e+01     
-149.000          90.000           -2.000e+02          -2.000e+02               0.000          -2.000e+02               0.000           2.926e+01     
-148.000          90.000           -2.000e+02          -2.000e+02               0.000          -2.000e+02               0.000           2.926e+01     
-147.000          90.000           -2.000e+02          -2.000e+02               0.000          -2.000e+02               0.000           2.926e+01     
-146.000          90.000           -2.000e+02          -2.000e+02               0.000          -2.000e+02               0.000           2.926e+01     
-145.000          90.000           -2.000e+02          -2.000e+02               0.000          -2.000e+02               0.000           2.926e+01     
-144.000          90.000           -2.000e+02          -2.000e+02               0.000          -2.000e+02               0.000           2.926e+01     
-143.000          90.000           -2.000e+02          -2.000e+02               0.000          -2.000e+02               0.000           2.926e+01     
-142.000          90.000           -2.000e+02          -2.000e+02               0.000          -2.000e+02               0.000           2.926e+01     
-141.000          90.000           -2.000e+02          -2.000e+02               0.000          -2.000e+02               0.000           2.926e+01     
-140.000          90.000           -2.000e+02          -2.000e+02               0.000          -2.000e+02               0.000           2.926e+01     
-139.000          90.000           -2.000e+02          -2.000e+02               0.000          -2.000e+02               0.000           2.926e+01     
-138.000          90.000           -2.000e+02          -2.000e+02               0.000          -2.000e+02               0.000           2.926e+01     
-137.000          90.000           -2.000e+02          -2.000e+02               0.000          -2.000e+02               0.000           2.926e+01     
-136.000          90.000           -2.000e+02          -2.000e+02               0.000          -2.000e+02               0.000           2.926e+01     
-135.000          90.000           -2.000e+02          -2.000e+02               0.000          -2.000e+02               0.000           2.926e+01     
-134.000          90.000           -2.000e+02          -2.000e+02               0.000          -2.000e+02               0.000           2.926e+01     
-133.000          90.000           -2.000e+02          -2.000e+02               0.000          -2.000e+02               0.000           2.926e+01     
-132.000          90.000           -2.000e+02          -2.000e+02               0.000          -2.000e+02               0.000           2.926e+01     
-131.000          90.000           -2.000e+02          -2.000e+02               0.000          -2.000e+02               0.000           2.926e+01     
-130.000          90.000           -2.000e+02          -2.000e+02               0.000          -2.000e+02               0.000           2.926e+01     
-129.000          90.000           -2.000e+02          -2.000e+02               0.000          -2.000e+02               0.000           2.926e+01     
-128.000          90.000           -2.000e+02          -2.000e+02               0.000          -2.000e+02               0.000           2.926e+01     
-127.000          90.000           -2.000e+02          -2.000e+02               0.000          -2.000e+02               0.000           2.926e+01     
-126.000          90.000           -2.000e+02          -2.000e+02               0.000          -2.000e+02               0.000           2.926e+01     
-125.000          90.000           -2.000e+02          -2.000e+02               0.000          -2.000e+02               0.000           2.926e+01     
-124.000          90.000           -2.000e+02          -2.000e+02               0.000          -2.000e+02               0.000           2.926e+01     
-123.000          90.000           -2.000e+02          -2.000e+02               0.000          -2.000e+02               0.000           2.926e+01     
-122.000          90.000           -2.000e+02          -2.000e+02               0.000          -2.000e+02               0.000           2.926e+01     
-121.000          90.000           -2.000e+02          -2.000e+02               0.000          -2.000e+02               0.000           2.926e+01     
-120.000          90.000           -2.000e+02          -2.000e+02               0.000          -2.000e+02               0.000           2.926e+01     
-119.000          90.000           -2.000e+02          -2.000e+02               0.000          -2.000e+02               0.000           2.926e+01     
-118.000          90.000           -2.000e+02          -2.000e+02               0.000          -2.000e+02               0.000           2.926e+01     
-117.000          90.000           -2.000e+02          -2.000e+02               0.000          -2.000e+02               0.000           2.926e+01     
-116.000          90.000           -2.000e+02          -2.000e+02               0.000          -2.000e+02               0.000           2.926e+01     
-115.000          90.000           -2.000e+02          -2.000e+02               0.000          -2.000e+02               0.000           2.926e+01     
-114.000          90.000           -2.000e+02          -2.000e+02               0.000          -2.000e+02               0.000           2.926e+01     
-113.000          90.000           -2.000e+02          -2.000e+02               0.000          -2.000e+02               0.000           2.926e+01     
-112.000          90.000           -2.000e+02          -2.000e+02               0.000          -2.000e+02               0.000           2.926e+01     
-111.000          90.000           -2.000e+02          -2.000e+02               0.000          -2.000e+02               0.000           2.926e+01     
-110.000          90.000           -2.000e+02          -2.000e+02               0.000          -2.000e+02               0.000           2.926e+01     
-109.000          90.000           -2.000e+02          -2.000e+02               0.000          -2.000e+02               0.000           2.926e+01     
-108.000          90.000           -2.000e+02          -2.000e+02               0.000          -2.000e+02               0.000           2.926e+01     
-107.000          90.000           -2.000e+02          -2.000e+02               0.000          -2.000e+02               0.000           2.926e+01     
-106.000          90.000           -2.000e+02          -2.000e+02               0.000          -2.000e+02               0.000           2.926e+01     
-105.000          90.000           -2.000e+02          -2.000e+02               0.000          -2.000e+02               0.000           2.926e+01     
-104.000          90.000           -2.000e+02          -2.000e+02               0.000          -2.000e+02               0.000           2.926e+01     
-103.000          90.000           -2.000e+02          -2.000e+02               0.000          -2.000e+02               0.000           2.926e+01     
-102.000          90.000           -2.000e+02          -2.000e+02               0.000          -2.000e+02               0.000           2.926e+01     
-101.000          90.000           -2.000e+02          -2.000e+02               0.000          -2.000e+02               0.000           2.926e+01     
-100.000          90.000           -2.000e+02          -2.000e+02               0.000          -2.000e+02               0.000           2.926e+01     
 -99.000          90.000           -2.000e+02          -2.000e+02               0.000          -2.000e+02               0.000           2.926e+01     
 -98.000          90.000           -2.000e+02          -2.000e+02               0.000          -2.000e+02               0.000           2.926e+01     
 -97.000          90.000           -2.000e+02          -2.000e+02               0.000          -2.000e+02               0.000           2.926e+01     
 -96.000          90.000           -2.000e+02          -2.000e+02               0.000          -2.000e+02               0.000           2.926e+01     
 -95.000          90.000           -2.000e+02          -2.000e+02               0.000          -2.000e+02               0.000           2.926e+01     
 -94.000          90.000           -2.000e+02          -2.000e+02               0.000          -2.000e+02               0.000           2.926e+01     
 -93.000          90.000           -2.000e+02          -2.000e+02               0.000          -2.000e+02               0.000           2.926e+01     
 -92.000          90.000           -2.000e+02          -2.000e+02               0.000          -2.000e+02               0.000           2.926e+01     
 -91.000          90.000           -2.000e+02          -2.000e+02               0.000          -2.000e+02               0.000           2.926e+01     
 -90.000          90.000           -1.734e+01          -1.734e+01              96.348          -1.574e+02             259.805           2.926e+01     
 -89.000          90.000           -1.734e+01          -1.735e+01              95.190          -4.444e+01             170.858           1.662e+01     
 -88.000          90.000           -1.735e+01          -1.738e+01              93.890          -3.844e+01             169.770           1.059e+01     
 -87.000          90.000           -1.736e+01          -1.743e+01              92.446          -3.497e+01             168.682           7.060e+00     
 -86.000          90.000           -1.737e+01          -1.751e+01              90.856          -3.254e+01             167.595           4.547e+00     
 -85.000          90.000           -1.740e+01          -1.760e+01              89.118          -3.070e+01             166.508           2.589e+00     
 -84.000          90.000           -1.743e+01          -1.772e+01              87.225          -2.923e+01             165.422           9.808e-01     
 -83.000          90.000           -1.747e+01          -1.787e+01              85.172          -2.803e+01             164.338          -3.876e-01     
 -82.000          90.000           -1.752e+01          -1.804e+01              82.949          -2.704e+01             163.257          -1.582e+00     
 -81.000          90.000           -1.760e+01          -1.824e+01              80.544          -2.621e+01             162.179          -2.644e+00     
 -80.000          90.000           -1.769e+01          -1.847e+01              77.943          -2.552e+01             161.104          -3.603e+00     
 -79.000          90.000           -1.781e+01          -1.874e+01              75.125          -2.495e+01             160.034          -4.476e+00     
 -78.000          90.000           -1.796e+01          -1.905e+01              72.063          -2.449e+01             158.969          -5.274e+00     
 -77.000          90.000           -1.814e+01          -1.940e+01              68.722          -2.413e+01             157.911          -5.999e+00     
 -76.000          90.000           -1.836e+01          -1.979e+01              65.054          -2.388e+01             156.859          -6.643e+00     
 -75.000          90.000           -1.863e+01          -2.024e+01              60.996          -2.372e+01             155.816          -7.177e+00     
 -74.000          90.000           -1.895e+01          -2.074e+01              56.465          -2.366e+01             154.783          -7.544e+00     
 -73.000          90.000           -1.933e+01          -2.130e+01              51.345          -2.371e+01             153.762          -7.654e+00     
 -72.000          90.000           -1.977e+01          -2.191e+01              45.482          -2.387e+01             152.755          -7.419e+00     
 -71.000          90.000           -2.029e+01          -2.258e+01              38.675          -2.416e+01             151.764          -6.791e+00     
 -70.000          90.000           -2.088e+01          -2.328e+01              30.668          -2.459e+01             150.796          -5.752e+00     
 -69.000          90.000           -2.153e+01          -2.397e+01              21.169          -2.520e+01             149.856          -4.233e+00     
 -68.000          90.000           -2.223e+01          -2.458e+01               9.933          -2.602e+01             148.957          -2.033e+00     
 -67.000          90.000           -2.292e+01          -2.501e+01             356.940          -2.712e+01             148.120           1.352e+00     
 -66.000          90.000           -2.350e+01          -2.511e+01             342.633          -2.860e+01             147.387           7.432e+00     
 -65.000          90.000           -2.382e+01          -2.482e+01             327.982          -3.065e+01             146.854           2.926e+01     
 -64.000          90.000           -2.371e+01          -2.417e+01             314.115          -3.372e+01             146.807           1.285e+01     
 -63.000          90.000           -2.314e+01          -2.325e+01             301.795          -3.911e+01             148.583           1.222e+01     
 -62.000          90.000           -2.220e+01          -2.220e+01             291.247          -5.731e+01             200.005           2.437e+01     
 -61.000          90.000           -2.106e+01          -2.111e+01             282.321          -3.977e+01             314.051           1.358e+01     
 -60.000          90.000           -1.985e+01          -2.005e+01             274.739          -3.329e+01             316.449           6.272e+00     
 -59.000          90.000           -1.867e+01          -1.905e+01             268.218          -2.954e+01             316.507           2.645e+00     
 -58.000          90.000           -1.757e+01          -1.811e+01             262.525          -2.690e+01             315.999           3.813e-01     
 -57.000          90.000           -1.656e+01          -1.725e+01             257.478          -2.489e+01             315.260          -1.177e+00     
 -56.000          90.000           -1.565e+01          -1.647e+01             252.942          -2.331e+01             314.394          -2.305e+00     
 -55.000          90.000           -1.484e+01          -1.576e+01             248.818          -2.203e+01             313.442          -3.142e+00     
 -54.000          90.000           -1.413e+01          -1.513e+01             245.030          -2.100e+01             312.421          -3.764e+00     
 -53.000          90.000           -1.351e+01          -1.456e+01             241.524          -2.017e+01             311.332          -4.214e+00     
 -52.000          90.000           -1.298e+01          -1.407e+01             238.262          -1.954e+01             310.169          -4.519e+00     
 -51.000          90.000           -1.255e+01          -1.364e+01             235.215          -1.908e+01             308.923          -4.690e+00     
 -50.000          90.000           -1.220e+01          -1.328e+01             232.364          -1.878e+01             307.567          -4.732e+00     
 -49.000          90.000           -1.194e+01          -1.298e+01             229.697          -1.866e+01             306.073          -4.645e+00     
 -48.000          90.000           -1.177e+01          -1.275e+01             227.208          -1.871e+01             304.393          -4.421e+00     
 -47.000          90.000           -1.168e+01          -1.258e+01             224.897          -1.895e+01             302.455          -4.045e+00     
 -46.000          90.000           -1.167e+01          -1.248e+01             222.770          -1.941e+01             300.145          -3.492e+00     
 -45.000          90.000           -1.175e+01          -1.243e+01             220.839          -2.011e+01             297.277          -2.719e+00     
 -44.000          90.000           -1.190e+01          -1.245e+01             219.120          -2.112e+01             293.521          -1.655e+00     
 -43.000          90.000           -1.212e+01          -1.254e+01             217.639          -2.249e+01             288.245          -1.705e-01     
 -42.000          90.000           -1.239e+01          -1.268e+01             216.425          -2.434e+01             280.125           1.989e+00     
 -41.000          90.000           -1.270e+01          -1.288e+01             215.519          -2.668e+01             266.152           5.451e+00     
 -40.000          90.000           -1.302e+01          -1.313e+01             214.966          -2.899e+01             240.454           1.263e+01     
 -39.000          90.000           -1.331e+01          -1.343e+01             214.821          -2.909e+01             203.667           1.942e+01     
 -38.000          90.000           -1.354e+01          -1.376e+01             215.141          -2.660e+01             175.360           6.242e+00     
 -37.000          90.000           -1.368e+01          -1.412e+01             215.981          -2.382e+01             159.777           8.660e-01     
 -36.000          90.000           -1.370e+01          -1.448e+01             217.384          -2.153e+01             150.839          -2.630e+00     
 -35.000          90.000           -1.361e+01          -1.483e+01             219.360          -1.974e+01             145.071          -5.208e+00     
 -34.000          90.000           -1.344e+01          -1.512e+01             221.870          -1.837e+01             140.939          -7.192e+00     
 -33.000          90.000           -1.321e+01          -1.533e+01             224.800          -1.734e+01             137.711          -8.675e+00     
 -32.000          90.000           -1.298e+01          -1.544e+01             227.964          -1.661e+01             134.998          -9.477e+00     
 -31.000          90.000           -1.277e+01          -1.543e+01             231.116          -1.616e+01             132.561          -9.245e+00     
 -30.000          90.000           -1.261e+01          -1.531e+01             233.999          -1.597e+01             130.227          -8.529e+00     
 -29.000          90.000           -1.253e+01          -1.509e+01             236.392          -1.604e+01             127.845          -7.717e+00     
 -28.000          90.000           -1.252e+01          -1.480e+01             238.146          -1.641e+01             125.240          -6.807e+00     
 -27.000          90.000           -1.257e+01          -1.447e+01             239.195          -1.709e+01             122.172          -5.682e+00     
 -26.000          90.000           -1.267e+01          -1.412e+01             239.538          -1.817e+01             118.241          -4.172e+00     
 -25.000          90.000           -1.279e+01          -1.377e+01             239.222          -1.972e+01             112.651          -2.010e+00     
 -24.000          90.000           -1.287e+01          -1.345e+01             238.318          -2.191e+01             103.611           1.317e+00     
 -23.000          90.000           -1.288e+01          -1.317e+01             236.907          -2.478e+01              86.526           7.443e+00     
 -22.000          90.000           -1.277e+01          -1.293e+01             235.074          -2.720e+01              52.451           2.926e+01     
 -21.000          90.000           -1.255e+01          -1.276e+01             232.896          -2.593e+01              11.432           6.253e+00     
 -20.000          90.000           -1.224e+01          -1.264e+01             230.443          -2.275e+01             347.966           6.034e-01     
 -19.000          90.000           -1.188e+01          -1.260e+01             227.780          -2.007e+01             336.289          -2.624e+00     
 -18.000          90.000           -1.155e+01          -1.264e+01             224.961          -1.812e+01             329.580          -4.768e+00     
 -17.000          90.000           -1.131e+01          -1.277e+01             222.035          -1.676e+01             325.138          -6.240e+00     
 -16.000          90.000           -1.120e+01          -1.299e+01             219.044          -1.591e+01             321.829          -7.209e+00     
 -15.000          90.000           -1.128e+01          -1.333e+01             216.026          -1.552e+01             319.078          -7.763e+00     
 -14.000          90.000           -1.161e+01          -1.381e+01             213.016          -1.561e+01             316.505          -7.986e+00     
 -13.000          90.000           -1.224e+01          -1.443e+01             210.050          -1.625e+01             313.734          -7.954e+00     
 -12.000          90.000           -1.325e+01          -1.524e+01             207.171          -1.761e+01             310.148          -7.630e+00     
 -11.000          90.000           -1.476e+01          -1.626e+01             204.440          -2.011e+01             304.111          -6.607e+00     
 -10.000          90.000           -1.683e+01          -1.758e+01             201.951          -2.482e+01             288.349          -3.478e+00     
  -9.000          90.000           -1.891e+01          -1.928e+01             199.890          -2.971e+01             215.524           1.178e+01     
  -8.000          90.000           -1.864e+01          -2.156e+01             198.672          -2.175e+01             162.723          -9.599e-01     
  -7.000          90.000           -1.566e+01          -2.478e+01             199.480          -1.622e+01             151.124           9.051e-01     
  -6.000          90.000           -1.244e+01          -2.990e+01             207.290          -1.252e+01             146.405           7.847e+00     
  -5.000          90.000           -9.764e+00          -3.743e+01             260.589          -9.771e+00             143.783           1.791e+01     
  -4.000          90.000           -7.590e+00          -3.109e+01             327.364          -7.609e+00             142.069           2.926e+01     
  -3.000          90.000           -5.817e+00          -2.571e+01             337.337          -5.861e+00             140.834           2.013e+01     
  -2.000          90.000           -4.361e+00          -2.248e+01             338.321          -4.428e+00             139.882           1.743e+01     
  -1.000          90.000           -3.165e+00          -2.028e+01             336.782          -3.250e+00             139.110           1.680e+01     
   0.000          90.000           -2.189e+00          -1.869e+01             334.114          -2.287e+00             138.457           1.723e+01     
   1.000          90.000           -1.405e+00          -1.752e+01             330.771          -1.512e+00             137.885           1.851e+01     
   2.000          90.000           -7.945e-01          -1.666e+01             326.919          -9.085e-01             137.365           2.083e+01     
   3.000          90.000           -3.434e-01          -1.603e+01             322.629          -4.621e-01             136.877           2.505e+01     
   4.000          90.000           -4.229e-02          -1.560e+01             317.919          -1.649e-01             136.403           2.926e+01     
   5.000          90.000            1.147e-01          -1.531e+01             312.792          -1.165e-02             135.925           2.926e+01     
   6.000          90.000            1.307e-01          -1.515e+01             307.241           0.000e+00             135.429           2.160e+01     
   7.000          90.000            6.348e-03          -1.509e+01             301.270          -1.302e-01             134.895           1.703e+01     
   8.000          90.000           -2.603e-01          -1.510e+01             294.894          -4.053e-01             134.301           1.378e+01     
   9.000          90.000           -6.738e-01          -1.516e+01             288.158          -8.313e-01             133.621           1.118e+01     
  10.000          90.000           -1.242e+00          -1.525e+01             281.138          -1.418e+00             132.819           8.948e+00     
  11.000          90.000           -1.976e+00          -1.537e+01             273.942          -2.179e+00             131.843           6.940e+00     
  12.000          90.000           -2.891e+00          -1.549e+01             266.703          -3.137e+00             130.617           5.058e+00     
  13.000          90.000           -4.010e+00          -1.563e+01             259.561          -4.320e+00             129.022           3.232e+00     
  14.000          90.000           -5.362e+00          -1.579e+01             252.645          -5.775e+00             126.856           1.404e+00     
  15.000          90.000           -6.984e+00          -1.599e+01             246.065          -7.568e+00             123.749          -4.689e-01     
  16.000          90.000           -8.916e+00          -1.625e+01             239.891          -9.803e+00             118.955          -2.363e+00     
  17.000          90.000           -1.117e+01          -1.660e+01             234.162          -1.263e+01             110.750          -3.908e+00     
  18.000          90.000           -1.356e+01          -1.707e+01             228.887          -1.612e+01              94.666          -3.177e+00     
  19.000          90.000           -1.539e+01          -1.770e+01             224.050          -1.924e+01              61.510           5.676e+00     
  20.000          90.000           -1.555e+01          -1.852e+01             219.623          -1.860e+01              20.097           4.546e+00     
  21.000          90.000           -1.433e+01          -1.961e+01             215.564          -1.586e+01             356.359          -7.860e-01     
  22.000          90.000           -1.283e+01          -2.104e+01             211.822          -1.355e+01             344.814           2.209e-01     
  23.000          90.000           -1.158e+01          -2.296e+01             208.326          -1.191e+01             338.349           2.925e+00     
  24.000          90.000           -1.065e+01          -2.569e+01             204.953          -1.079e+01             334.173           6.492e+00     
  25.000          90.000           -1.003e+01          -2.999e+01             201.341          -1.008e+01             331.147           1.150e+01     
  26.000          90.000           -9.680e+00          -3.936e+01             194.524          -9.684e+00             328.729           2.183e+01     
  27.000          90.000           -9.558e+00          -3.959e+01              25.408          -9.562e+00             326.622           2.065e+01     
  28.000          90.000           -9.642e+00          -3.012e+01              18.844          -9.681e+00             324.634           1.154e+01     
  29.000          90.000           -9.912e+00          -2.583e+01              16.019          -1.002e+01             322.618           7.053e+00     
  30.000          90.000           -1.035e+01          -2.313e+01              13.855          -1.059e+01             320.439           3.889e+00     
  31.000          90.000           -1.095e+01          -2.126e+01              11.999          -1.137e+01             317.940           1.304e+00     
  32.000          90.000           -1.168e+01          -1.990e+01              10.346          -1.239e+01             314.915          -9.956e-01     
  33.000          90.000           -1.252e+01          -1.892e+01               8.850          -1.365e+01             311.057          -3.157e+00     
  34.000          90.000           -1.345e+01          -1.824e+01               7.485          -1.520e+01             305.861          -5.247e+00     
  35.000          90.000           -1.440e+01          -1.780e+01               6.233          -1.705e+01             298.450          -7.198e+00     
  36.000          90.000           -1.530e+01          -1.760e+01               5.080          -1.916e+01             287.265          -8.302e+00     
  37.000          90.000           -1.605e+01          -1.760e+01               4.015          -2.127e+01             269.968          -7.014e+00     
  38.000          90.000           -1.656e+01          -1.781e+01               3.027          -2.260e+01             245.618          -4.149e+00     
  39.000          90.000           -1.681e+01          -1.824e+01               2.106          -2.236e+01             219.981          -2.900e-01     
  40.000          90.000           -1.683e+01          -1.890e+01               1.239          -2.104e+01             200.507           4.940e+00     
  41.000          90.000           -1.669e+01          -1.984e+01               0.408          -1.956e+01             187.654           1.323e+01     
  42.000          90.000           -1.647e+01          -2.113e+01             359.587          -1.829e+01             179.055           2.926e+01     
  43.000          90.000           -1.623e+01          -2.288e+01             358.724          -1.729e+01             172.920           1.685e+01     
  44.000          90.000           -1.600e+01          -2.533e+01             357.690          -1.654e+01             168.212           1.478e+01     
  45.000          90.000           -1.579e+01          -2.909e+01             356.086          -1.600e+01             164.357           1.659e+01     
  46.000          90.000           -1.561e+01          -3.635e+01             351.363          -1.565e+01             161.013           2.495e+01     
  47.000          90.000           -1.544e+01          -4.466e+01             198.945          -1.544e+01             157.964           2.215e+01     
  48.000          90.000           -1.526e+01          -3.158e+01             182.825          -1.537e+01             155.070           1.227e+01     
  49.000          90.000           -1.508e+01          -2.655e+01             180.674          -1.540e+01             152.234           7.362e+00     
  50.000          90.000           -1.488e+01          -2.344e+01             179.770          -1.553e+01             149.388           4.115e+00     
  51.000          90.000           -1.465e+01          -2.122e+01             179.272          -1.573e+01             146.484           1.763e+00     
  52.000          90.000           -1.440e+01          -1.953e+01             178.974          -1.600e+01             143.490           1.102e-03     
  53.000          90.000           -1.415e+01          -1.820e+01             178.807          -1.632e+01             140.385          -1.326e+00     
  54.000          90.000           -1.388e+01          -1.713e+01             178.734          -1.667e+01             137.167          -2.309e+00     
  55.000          90.000           -1.363e+01          -1.626e+01             178.737          -1.706e+01             133.841          -3.010e+00     
  56.000          90.000           -1.339e+01          -1.555e+01             178.805          -1.746e+01             130.431          -3.477e+00     
  57.000          90.000           -1.317e+01          -1.497e+01             178.933          -1.788e+01             126.968          -3.754e+00     
  58.000          90.000           -1.299e+01          -1.451e+01             179.116          -1.829e+01             123.495          -3.880e+00     
  59.000          90.000           -1.284e+01          -1.414e+01             179.350          -1.871e+01             120.061          -3.891e+00     
  60.000          90.000           -1.273e+01          -1.387e+01             179.634          -1.912e+01             116.719          -3.815e+00     
  61.000          90.000           -1.266e+01          -1.366e+01             179.965          -1.953e+01             113.517          -3.678e+00     
  62.000          90.000           -1.263e+01          -1.353e+01             180.343          -1.994e+01             110.502          -3.496e+00     
  63.000          90.000           -1.265e+01          -1.346e+01             180.766          -2.034e+01             107.709          -3.284e+00     
  64.000          90.000           -1.270e+01          -1.344e+01             181.234          -2.076e+01             105.170          -3.049e+00     
  65.000          90.000           -1.280e+01          -1.348e+01             181.746          -2.119e+01             102.897          -2.798e+00     
  66.000          90.000           -1.293e+01          -1.356e+01             182.301          -2.163e+01             100.902          -2.534e+00     
  67.000          90.000           -1.310e+01          -1.368e+01             182.900          -2.210e+01              99.187          -2.259e+00     
  68.000          90.000           -1.330e+01          -1.385e+01             183.542          -2.259e+01              97.747          -1.974e+00     
  69.000          90.000           -1.354e+01          -1.405e+01             184.226          -2.310e+01              96.574          -1.678e+00     
  70.000          90.000           -1.381e+01          -1.429e+01             184.953          -2.366e+01              95.658          -1.370e+00     
  71.000          90.000           -1.411e+01          -1.455e+01             185.722          -2.424e+01              94.984          -1.047e+00     
  72.000          90.000           -1.443e+01          -1.484e+01             186.532          -2.487e+01              94.538          -7.087e-01     
  73.000          90.000           -1.477e+01          -1.515e+01             187.385          -2.553e+01              94.306          -3.505e-01     
  74.000          90.000           -1.514e+01          -1.549e+01             188.278          -2.623e+01              94.273           3.106e-02     
  75.000          90.000           -1.552e+01          -1.584e+01             189.212          -2.699e+01              94.424           4.406e-01     
  76.000          90.000           -1.591e+01          -1.620e+01             190.185          -2.778e+01              94.744           8.839e-01     
  77.000          90.000           -1.631e+01          -1.658e+01             191.196          -2.863e+01              95.219           1.368e+00     
  78.000          90.000           -1.672e+01          -1.695e+01             192.243          -2.953e+01              95.832           1.900e+00     
  79.000          90.000           -1.713e+01          -1.733e+01             193.323          -3.050e+01              96.569           2.492e+00     
  80.000          90.000           -1.753e+01          -1.770e+01             194.434          -3.153e+01              97.415           3.158e+00     
  81.000          90.000           -1.792e+01          -1.807e+01             195.570          -3.265e+01              98.352           3.913e+00     
  82.000          90.000           -1.829e+01          -1.841e+01             196.728          -3.386e+01              99.366           4.782e+00     
  83.000          90.000           -1.864e+01          -1.874e+01             197.901          -3.520e+01             100.439           5.796e+00     
  84.000          90.000           -1.896e+01          -1.903e+01             199.084          -3.670e+01             101.556           7.000e+00     
  85.000          90.000           -1.924e+01          -1.930e+01             200.268          -3.842e+01             102.700           8.463e+00     
  86.000          90.000           -1.949e+01          -1.952e+01             201.447          -4.048e+01             103.857           1.030e+01     
  87.000          90.000           -1.968e+01          -1.970e+01             202.615          -4.308e+01             105.014           1.271e+01     
  88.000          90.000           -1.982e+01          -1.983e+01             203.765          -4.667e+01             106.159           1.617e+01     
  89.000          90.000           -1.991e+01          -1.991e+01             204.891          -5.273e+01             107.284           2.215e+01     
  90.000          90.000           -1.994e+01          -1.994e+01             205.992          -1.485e+02             169.400           2.926e+01     
  91.000          90.000           -2.000e+02          -2.000e+02               0.000          -2.000e+02               0.000           2.926e+01     
  92.000          90.000           -2.000e+02          -2.000e+02               0.000          -2.000e+02               0.000           2.926e+01     
  93.000          90.000           -2.000e+02          -2.000e+02               0.000          -2.000e+02               0.000           2.926e+01     
  94.000          90.000           -2.000e+02          -2.000e+02               0.000          -2.000e+02               0.000           2.926e+01     
  95.000          90.000           -2.000e+02          -2.000e+02               0.000          -2.000e+02               0.000           2.926e+01     
  96.000          90.000           -2.000e+02          -2.000e+02               0.000          -2.000e+02               0.000           2.926e+01     
  97.000          90.000           -2.000e+02          -2.000e+02               0.000          -2.000e+02               0.000           2.926e+01     
  98.000          90.000           -2.000e+02          -2.000e+02               0.000          -2.000e+02               0.000           2.926e+01     
  99.000          90.000           -2.000e+02          -2.000e+02               0.000          -2.000e+02               0.000           2.926e+01     
 100.000          90.000           -2.000e+02          -2.000e+02               0.000          -2.000e+02               0.000           2.926e+01     
 101.000          90.000           -2.000e+02          -2.000e+02               0.000          -2.000e+02               0.000           2.926e+01     
 102.000          90.000           -2.000e+02          -2.000e+02               0.000          -2.000e+02               0.000           2.926e+01     
 103.000          90.000           -2.000e+02          -2.000e+02               0.000          -2.000e+02               0.000           2.926e+01     
 104.000          90.000           -2.000e+02          -2.000e+02               0.000          -2.000e+02               0.000           2.926e+01     
 105.000          90.000           -2.000e+02          -2.000e+02               0.000          -2.000e+02               0.000           2.926e+01     
 106.000          90.000           -2.000e+02          -2.000e+02               0.000          -2.000e+02               0.000           2.926e+01     
 107.000          90.000           -2.000e+02          -2.000e+02               0.000          -2.000e+02               0.000           2.926e+01     
 108.000          90.000           -2.000e+02          -2.000e+02               0.000          -2.000e+02               0.000           2.926e+01     
 109.000          90.000           -2.000e+02          -2.000e+02               0.000          -2.000e+02               0.000           2.926e+01     
 110.000          90.000           -2.000e+02          -2.000e+02               0.000          -2.000e+02               0.000           2.926e+01     
 111.000          90.000           -2.000e+02          -2.000e+02               0.000          -2.000e+02               0.000           2.926e+01     
 112.000          90.000           -2.000e+02          -2.000e+02               0.000          -2.000e+02               0.000           2.926e+01     
 113.000          90.000           -2.000e+02          -2.000e+02               0.000          -2.000e+02               0.000           2.926e+01     
 114.000          90.000           -2.000e+02          -2.000e+02               0.000          -2.000e+02               0.000           2.926e+01     
 115.000          90.000           -2.000e+02          -2.000e+02               0.000          -2.000e+02               0.000           2.926e+01     
 116.000          90.000           -2.000e+02          -2.000e+02               0.000          -2.000e+02               0.000           2.926e+01     
 117.000          90.000           -2.000e+02          -2.000e+02               0.000          -2.000e+02               0.000           2.926e+01     
 118.000          90.000           -2.000e+02          -2.000e+02               0.000          -2.000e+02               0.000           2.926e+01     
 119.000          90.000           -2.000e+02          -2.000e+02               0.000          -2.000e+02               0.000           2.926e+01     
 120.000          90.000           -2.000e+02          -2.000e+02               0.000          -2.000e+02               0.000           2.926e+01     
 121.000          90.000           -2.000e+02          -2.000e+02               0.000          -2.000e+02               0.000           2.926e+01     
 122.000          90.000           -2.000e+02          -2.000e+02               0.000          -2.000e+02               0.000           2.926e+01     
 123.000          90.000           -2.000e+02          -2.000e+02               0.000          -2.000e+02               0.000           2.926e+01     
 124.000          90.000           -2.000e+02          -2.000e+02               0.000          -2.000e+02               0.000           2.926e+01     
 125.000          90.000           -2.000e+02          -2.000e+02               0.000          -2.000e+02               0.000           2.926e+01     
 126.000          90.000           -2.000e+02          -2.000e+02               0.000          -2.000e+02               0.000           2.926e+01     
 127.000          90.000           -2.000e+02          -2.000e+02               0.000          -2.000e+02               0.000           2.926e+01     
 128.000          90.000           -2.000e+02          -2.000e+02               0.000          -2.000e+02               0.000           2.926e+01     
 129.000          90.000           -2.000e+02          -2.000e+02               0.000          -2.000e+02               0.000           2.926e+01     
 130.000          90.000           -2.000e+02          -2.000e+02               0.000          -2.000e+02               0.000           2.926e+01     
 131.000          90.000           -2.000e+02          -2.000e+02               0.000          -2.000e+02               0.000           2.926e+01     
 132.000          90.000           -2.000e+02          -2.000e+02               0.000          -2.000e+02               0.000           2.926e+01     
 133.000          90.000           -2.000e+02          -2.000e+02               0.000          -2.000e+02               0.000           2.926e+01     
 134.000          90.000           -2.000e+02          -2.000e+02               0.000          -2.000e+02               0.000           2.926e+01     
 135.000          90.000           -2.000e+02          -2.000e+02               0.000          -2.000e+02               0.000           2.926e+01     
 136.000          90.000           -2.000e+02          -2.000e+02               0.000          -2.000e+02               0.000           2.926e+01     
 137.000          90.000           -2.000e+02          -2.000e+02               0.000          -2.000e+02               0.000           2.926e+01     
 138.000          90.000           -2.000e+02          -2.000e+02               0.000          -2.000e+02               0.000           2.926e+01     
 139.000          90.000           -2.000e+02          -2.000e+02               0.000          -2.000e+02               0.000           2.926e+01     
 140.000          90.000           -2.000e+02          -2.000e+02               0.000          -2.000e+02               0.000           2.926e+01     
 141.000          90.000           -2.000e+02          -2.000e+02               0.000          -2.000e+02               0.000           2.926e+01     
 142.000          90.000           -2.000e+02          -2.000e+02               0.000          -2.000e+02               0.000           2.926e+01     
 143.000          90.000           -2.000e+02          -2.000e+02               0.000          -2.000e+02               0.000           2.926e+01     
 144.000          90.000           -2.000e+02          -2.000e+02               0.000          -2.000e+02               0.000           2.926e+01     
 145.000          90.000           -2.000e+02          -2.000e+02               0.000          -2.000e+02               0.000           2.926e+01     
 146.000          90.000           -2.000e+02          -2.000e+02               0.000          -2.000e+02               0.000           2.926e+01     
 147.000          90.000           -2.000e+02          -2.000e+02               0.000          -2.000e+02               0.000           2.926e+01     
 148.000          90.000           -2.000e+02          -2.000e+02               0.000          -2.000e+02               0.000           2.926e+01     
 149.000          90.000           -2.000e+02          -2.000e+02               0.000          -2.000e+02               0.000           2.926e+01     
 150.000          90.000           -2.000e+02          -2.000e+02               0.000          -2.000e+02               0.000           2.926e+01     
 151.000          90.000           -2.000e+02          -2.000e+02               0.000          -2.000e+02               0.000           2.926e+01     
 152.000          90.000           -2.000e+02          -2.000e+02               0.000          -2.000e+02               0.000           2.926e+01     
 153.000          90.000           -2.000e+02          -2.000e+02               0.000          -2.000e+02               0.000           2.926e+01     
 154.000          90.000           -2.000e+02          -2.000e+02               0.000          -2.000e+02               0.000           2.926e+01     
 155.000          90.000           -2.000e+02          -2.000e+02               0.000          -2.000e+02               0.000           2.926e+01     
 156.000          90.000           -2.000e+02          -2.000e+02               0.000          -2.000e+02               0.000           2.926e+01     
 157.000          90.000           -2.000e+02          -2.000e+02               0.000          -2.000e+02               0.000           2.926e+01     
 158.000          90.000           -2.000e+02          -2.000e+02               0.000          -2.000e+02               0.000           2.926e+01     
 159.000          90.000           -2.000e+02          -2.000e+02               0.000          -2.000e+02               0.000           2.926e+01     
 160.000          90.000           -2.000e+02          -2.000e+02               0.000          -2.000e+02               0.000           2.926e+01     
 161.000          90.000           -2.000e+02          -2.000e+02               0.000          -2.000e+02               0.000           2.926e+01     
 162.000          90.000           -2.000e+02          -2.000e+02               0.000          -2.000e+02               0.000           2.926e+01     
 163.000          90.000           -2.000e+02          -2.000e+02               0.000          -2.000e+02               0.000           2.926e+01     
 164.000          90.000           -2.000e+02          -2.000e+02               0.000          -2.000e+02               0.000           2.926e+01     
 165.000          90.000           -2.000e+02          -2.000e+02               0.000          -2.000e+02               0.000           2.926e+01     
 166.000          90.000           -2.000e+02          -2.000e+02               0.000          -2.000e+02               0.000           2.926e+01     
 167.000          90.000           -2.000e+02          -2.000e+02               0.000          -2.000e+02               0.000           2.926e+01     
 168.000          90.000           -2.000e+02          -2.000e+02               0.000          -2.000e+02               0.000           2.926e+01     
 169.000          90.000           -2.000e+02          -2.000e+02               0.000          -2.000e+02               0.000           2.926e+01     
 170.000          90.000           -2.000e+02          -2.000e+02               0.000          -2.000e+02               0.000           2.926e+01     
 171.000          90.000           -2.000e+02          -2.000e+02               0.000          -2.000e+02               0.000           2.926e+01     
 172.000          90.000           -2.000e+02          -2.000e+02               0.000          -2.000e+02               0.000           2.926e+01     
 173.000          90.000           -2.000e+02          -2.000e+02               0.000          -2.000e+02               0.000           2.926e+01     
 174.000          90.000           -2.000e+02          -2.000e+02               0.000          -2.000e+02               0.000           2.926e+01     
 175.000          90.000           -2.000e+02          -2.000e+02               0.000          -2.000e+02               0.000           2.926e+01     
 176.000          90.000           -2.000e+02          -2.000e+02               0.000          -2.000e+02               0.000           2.926e+01     
 177.000          90.000           -2.000e+02          -2.000e+02               0.000          -2.000e+02               0.000           2.926e+01     
 178.000          90.000           -2.000e+02          -2.000e+02               0.000          -2.000e+02               0.000           2.926e+01     
 179.000          90.000           -2.000e+02          -2.000e+02               0.000          -2.000e+02               0.000           2.926e+01     
