Theta [deg.]  Phi   [deg.]  Abs(Dir.)[dB    ]   Abs(Theta)[dB    ]  Phase(Theta)[deg.]  Abs(Phi  )[dB    ]  Phase(Phi  )[deg.]  Ax.Ratio[dB    ]    
------------------------------------------------------------------------------------------------------------------------------------------------------
-180.000          90.000           -2.000e+02          -2.000e+02               0.000          -2.000e+02               0.000           2.730e+01     
-179.000          90.000           -2.000e+02          -2.000e+02               0.000          -2.000e+02               0.000           2.730e+01     
-178.000          90.000           -2.000e+02          -2.000e+02               0.000          -2.000e+02               0.000           2.730e+01     
-177.000          90.000           -2.000e+02          -2.000e+02               0.000          -2.000e+02               0.000           2.730e+01     
-176.000          90.000           -2.000e+02          -2.000e+02               0.000          -2.000e+02               0.000           2.730e+01     
-175.000          90.000           -2.000e+02          -2.000e+02               0.000          -2.000e+02               0.000           2.730e+01     
-174.000          90.000           -2.000e+02          -2.000e+02               0.000          -2.000e+02               0.000           2.730e+01     
-173.000          90.000           -2.000e+02          -2.000e+02               0.000          -2.000e+02               0.000           2.730e+01     
-172.000          90.000           -2.000e+02          -2.000e+02               0.000          -2.000e+02               0.000           2.730e+01     
-171.000          90.000           -2.000e+02          -2.000e+02               0.000          -2.000e+02               0.000           2.730e+01     
-170.000          90.000           -2.000e+02          -2.000e+02               0.000          -2.000e+02               0.000           2.730e+01     
-169.000          90.000           -2.000e+02          -2.000e+02               0.000          -2.000e+02               0.000           2.730e+01     
-168.000          90.000           -2.000e+02          -2.000e+02               0.000          -2.000e+02               0.000           2.730e+01     
-167.000          90.000           -2.000e+02          -2.000e+02               0.000          -2.000e+02               0.000           2.730e+01     
-166.000          90.000           -2.000e+02          -2.000e+02               0.000          -2.000e+02               0.000           2.730e+01     
-165.000          90.000           -2.000e+02          -2.000e+02               0.000          -2.000e+02               0.000           2.730e+01     
-164.000          90.000           -2.000e+02          -2.000e+02               0.000          -2.000e+02               0.000           2.730e+01     
-163.000          90.000           -2.000e+02          -2.000e+02               0.000          -2.000e+02               0.000           2.730e+01     
-162.000          90.000           -2.000e+02          -2.000e+02               0.000          -2.000e+02               0.000           2.730e+01     
-161.000          90.000           -2.000e+02          -2.000e+02               0.000          -2.000e+02               0.000           2.730e+01     
-160.000          90.000           -2.000e+02          -2.000e+02               0.000          -2.000e+02               0.000           2.730e+01     
-159.000          90.000           -2.000e+02          -2.000e+02               0.000          -2.000e+02               0.000           2.730e+01     
-158.000          90.000           -2.000e+02          -2.000e+02               0.000          -2.000e+02               0.000           2.730e+01     
-157.000          90.000           -2.000e+02          -2.000e+02               0.000          -2.000e+02               0.000           2.730e+01     
-156.000          90.000           -2.000e+02          -2.000e+02               0.000          -2.000e+02               0.000           2.730e+01     
-155.000          90.000           -2.000e+02          -2.000e+02               0.000          -2.000e+02               0.000           2.730e+01     
-154.000          90.000           -2.000e+02          -2.000e+02               0.000          -2.000e+02               0.000           2.730e+01     
-153.000          90.000           -2.000e+02          -2.000e+02               0.000          -2.000e+02               0.000           2.730e+01     
-152.000          90.000           -2.000e+02          -2.000e+02               0.000          -2.000e+02               0.000           2.730e+01     
-151.000          90.000           -2.000e+02          -2.000e+02               0.000          -2.000e+02               0.000           2.730e+01     
-150.000          90.000           -2.000e+02          -2.000e+02               0.000          -2.000e+02               0.000           2.730e+01     
-149.000          90.000           -2.000e+02          -2.000e+02               0.000          -2.000e+02               0.000           2.730e+01     
-148.000          90.000           -2.000e+02          -2.000e+02               0.000          -2.000e+02               0.000           2.730e+01     
-147.000          90.000           -2.000e+02          -2.000e+02               0.000          -2.000e+02               0.000           2.730e+01     
-146.000          90.000           -2.000e+02          -2.000e+02               0.000          -2.000e+02               0.000           2.730e+01     
-145.000          90.000           -2.000e+02          -2.000e+02               0.000          -2.000e+02               0.000           2.730e+01     
-144.000          90.000           -2.000e+02          -2.000e+02               0.000          -2.000e+02               0.000           2.730e+01     
-143.000          90.000           -2.000e+02          -2.000e+02               0.000          -2.000e+02               0.000           2.730e+01     
-142.000          90.000           -2.000e+02          -2.000e+02               0.000          -2.000e+02               0.000           2.730e+01     
-141.000          90.000           -2.000e+02          -2.000e+02               0.000          -2.000e+02               0.000           2.730e+01     
-140.000          90.000           -2.000e+02          -2.000e+02               0.000          -2.000e+02               0.000           2.730e+01     
-139.000          90.000           -2.000e+02          -2.000e+02               0.000          -2.000e+02               0.000           2.730e+01     
-138.000          90.000           -2.000e+02          -2.000e+02               0.000          -2.000e+02               0.000           2.730e+01     
-137.000          90.000           -2.000e+02          -2.000e+02               0.000          -2.000e+02               0.000           2.730e+01     
-136.000          90.000           -2.000e+02          -2.000e+02               0.000          -2.000e+02               0.000           2.730e+01     
-135.000          90.000           -2.000e+02          -2.000e+02               0.000          -2.000e+02               0.000           2.730e+01     
-134.000          90.000           -2.000e+02          -2.000e+02               0.000          -2.000e+02               0.000           2.730e+01     
-133.000          90.000           -2.000e+02          -2.000e+02               0.000          -2.000e+02               0.000           2.730e+01     
-132.000          90.000           -2.000e+02          -2.000e+02               0.000          -2.000e+02               0.000           2.730e+01     
-131.000          90.000           -2.000e+02          -2.000e+02               0.000          -2.000e+02               0.000           2.730e+01     
-130.000          90.000           -2.000e+02          -2.000e+02               0.000          -2.000e+02               0.000           2.730e+01     
-129.000          90.000           -2.000e+02          -2.000e+02               0.000          -2.000e+02               0.000           2.730e+01     
-128.000          90.000           -2.000e+02          -2.000e+02               0.000          -2.000e+02               0.000           2.730e+01     
-127.000          90.000           -2.000e+02          -2.000e+02               0.000          -2.000e+02               0.000           2.730e+01     
-126.000          90.000           -2.000e+02          -2.000e+02               0.000          -2.000e+02               0.000           2.730e+01     
-125.000          90.000           -2.000e+02          -2.000e+02               0.000          -2.000e+02               0.000           2.730e+01     
-124.000          90.000           -2.000e+02          -2.000e+02               0.000          -2.000e+02               0.000           2.730e+01     
-123.000          90.000           -2.000e+02          -2.000e+02               0.000          -2.000e+02               0.000           2.730e+01     
-122.000          90.000           -2.000e+02          -2.000e+02               0.000          -2.000e+02               0.000           2.730e+01     
-121.000          90.000           -2.000e+02          -2.000e+02               0.000          -2.000e+02               0.000           2.730e+01     
-120.000          90.000           -2.000e+02          -2.000e+02               0.000          -2.000e+02               0.000           2.730e+01     
-119.000          90.000           -2.000e+02          -2.000e+02               0.000          -2.000e+02               0.000           2.730e+01     
-118.000          90.000           -2.000e+02          -2.000e+02               0.000          -2.000e+02               0.000           2.730e+01     
-117.000          90.000           -2.000e+02          -2.000e+02               0.000          -2.000e+02               0.000           2.730e+01     
-116.000          90.000           -2.000e+02          -2.000e+02               0.000          -2.000e+02               0.000           2.730e+01     
-115.000          90.000           -2.000e+02          -2.000e+02               0.000          -2.000e+02               0.000           2.730e+01     
-114.000          90.000           -2.000e+02          -2.000e+02               0.000          -2.000e+02               0.000           2.730e+01     
-113.000          90.000           -2.000e+02          -2.000e+02               0.000          -2.000e+02               0.000           2.730e+01     
-112.000          90.000           -2.000e+02          -2.000e+02               0.000          -2.000e+02               0.000           2.730e+01     
-111.000          90.000           -2.000e+02          -2.000e+02               0.000          -2.000e+02               0.000           2.730e+01     
-110.000          90.000           -2.000e+02          -2.000e+02               0.000          -2.000e+02               0.000           2.730e+01     
-109.000          90.000           -2.000e+02          -2.000e+02               0.000          -2.000e+02               0.000           2.730e+01     
-108.000          90.000           -2.000e+02          -2.000e+02               0.000          -2.000e+02               0.000           2.730e+01     
-107.000          90.000           -2.000e+02          -2.000e+02               0.000          -2.000e+02               0.000           2.730e+01     
-106.000          90.000           -2.000e+02          -2.000e+02               0.000          -2.000e+02               0.000           2.730e+01     
-105.000          90.000           -2.000e+02          -2.000e+02               0.000          -2.000e+02               0.000           2.730e+01     
-104.000          90.000           -2.000e+02          -2.000e+02               0.000          -2.000e+02               0.000           2.730e+01     
-103.000          90.000           -2.000e+02          -2.000e+02               0.000          -2.000e+02               0.000           2.730e+01     
-102.000          90.000           -2.000e+02          -2.000e+02               0.000          -2.000e+02               0.000           2.730e+01     
-101.000          90.000           -2.000e+02          -2.000e+02               0.000          -2.000e+02               0.000           2.730e+01     
-100.000          90.000           -2.000e+02          -2.000e+02               0.000          -2.000e+02               0.000           2.730e+01     
 -99.000          90.000           -2.000e+02          -2.000e+02               0.000          -2.000e+02               0.000           2.730e+01     
 -98.000          90.000           -2.000e+02          -2.000e+02               0.000          -2.000e+02               0.000           2.730e+01     
 -97.000          90.000           -2.000e+02          -2.000e+02               0.000          -2.000e+02               0.000           2.730e+01     
 -96.000          90.000           -2.000e+02          -2.000e+02               0.000          -2.000e+02               0.000           2.730e+01     
 -95.000          90.000           -2.000e+02          -2.000e+02               0.000          -2.000e+02               0.000           2.730e+01     
 -94.000          90.000           -2.000e+02          -2.000e+02               0.000          -2.000e+02               0.000           2.730e+01     
 -93.000          90.000           -2.000e+02          -2.000e+02               0.000          -2.000e+02               0.000           2.730e+01     
 -92.000          90.000           -2.000e+02          -2.000e+02               0.000          -2.000e+02               0.000           2.730e+01     
 -91.000          90.000           -2.000e+02          -2.000e+02               0.000          -2.000e+02               0.000           2.730e+01     
 -90.000          90.000           -2.358e+01          -2.358e+01             257.532          -1.519e+02             238.946           2.730e+01     
 -89.000          90.000           -2.355e+01          -2.358e+01             256.354          -4.517e+01             343.446           8.903e+00     
 -88.000          90.000           -2.346e+01          -2.358e+01             255.041          -3.918e+01             342.452           2.913e+00     
 -87.000          90.000           -2.332e+01          -2.358e+01             253.592          -3.571e+01             341.538          -5.572e-01     
 -86.000          90.000           -2.314e+01          -2.358e+01             252.009          -3.329e+01             340.706          -2.983e+00     
 -85.000          90.000           -2.292e+01          -2.358e+01             250.291          -3.145e+01             339.960          -4.824e+00     
 -84.000          90.000           -2.269e+01          -2.358e+01             248.440          -2.999e+01             339.304          -6.285e+00     
 -83.000          90.000           -2.244e+01          -2.359e+01             246.455          -2.880e+01             338.745          -7.468e+00     
 -82.000          90.000           -2.220e+01          -2.359e+01             244.336          -2.782e+01             338.291          -8.428e+00     
 -81.000          90.000           -2.197e+01          -2.361e+01             242.081          -2.700e+01             337.951          -9.184e+00     
 -80.000          90.000           -2.176e+01          -2.363e+01             239.687          -2.632e+01             337.736          -9.731e+00     
 -79.000          90.000           -2.158e+01          -2.366e+01             237.150          -2.577e+01             337.662          -1.004e+01     
 -78.000          90.000           -2.142e+01          -2.370e+01             234.466          -2.532e+01             337.747          -1.009e+01     
 -77.000          90.000           -2.131e+01          -2.375e+01             231.626          -2.497e+01             338.016          -9.892e+00     
 -76.000          90.000           -2.123e+01          -2.382e+01             228.621          -2.472e+01             338.497          -9.488e+00     
 -75.000          90.000           -2.120e+01          -2.390e+01             225.436          -2.456e+01             339.228          -8.921e+00     
 -74.000          90.000           -2.122e+01          -2.399e+01             222.057          -2.449e+01             340.259          -8.210e+00     
 -73.000          90.000           -2.129e+01          -2.411e+01             218.461          -2.450e+01             341.651          -7.343e+00     
 -72.000          90.000           -2.141e+01          -2.424e+01             214.624          -2.461e+01             343.487          -6.282e+00     
 -71.000          90.000           -2.158e+01          -2.440e+01             210.516          -2.480e+01             345.872          -4.953e+00     
 -70.000          90.000           -2.180e+01          -2.456e+01             206.101          -2.508e+01             348.945          -3.209e+00     
 -69.000          90.000           -2.206e+01          -2.475e+01             201.340          -2.542e+01             352.877          -7.521e-01     
 -68.000          90.000           -2.235e+01          -2.495e+01             196.190          -2.583e+01             357.879           3.203e+00     
 -67.000          90.000           -2.265e+01          -2.514e+01             190.608          -2.625e+01               4.171           1.237e+01     
 -66.000          90.000           -2.292e+01          -2.534e+01             184.557          -2.662e+01              11.927           1.122e+01     
 -65.000          90.000           -2.313e+01          -2.551e+01             178.012          -2.687e+01              21.148           1.195e+00     
 -64.000          90.000           -2.322e+01          -2.565e+01             170.975          -2.690e+01              31.507          -3.927e+00     
 -63.000          90.000           -2.315e+01          -2.573e+01             163.485          -2.663e+01              42.300          -7.628e+00     
 -62.000          90.000           -2.289e+01          -2.573e+01             155.630          -2.608e+01              52.661          -1.068e+01     
 -61.000          90.000           -2.247e+01          -2.565e+01             147.547          -2.532e+01              61.908          -1.196e+01     
 -60.000          90.000           -2.191e+01          -2.547e+01             139.417          -2.444e+01              69.730          -9.383e+00     
 -59.000          90.000           -2.127e+01          -2.519e+01             131.433          -2.354e+01              76.141          -6.813e+00     
 -58.000          90.000           -2.060e+01          -2.482e+01             123.772          -2.267e+01              81.320          -4.130e+00     
 -57.000          90.000           -1.994e+01          -2.439e+01             116.573          -2.188e+01              85.486          -1.169e+00     
 -56.000          90.000           -1.933e+01          -2.391e+01             109.927          -2.119e+01              88.843           2.357e+00     
 -55.000          90.000           -1.877e+01          -2.341e+01             103.873          -2.061e+01              91.559           7.098e+00     
 -54.000          90.000           -1.830e+01          -2.290e+01              98.416          -2.015e+01              93.761           1.555e+01     
 -53.000          90.000           -1.791e+01          -2.241e+01              93.536          -1.982e+01              95.547           2.280e+01     
 -52.000          90.000           -1.762e+01          -2.194e+01              89.201          -1.963e+01              96.984           1.095e+01     
 -51.000          90.000           -1.743e+01          -2.150e+01              85.375          -1.960e+01              98.115           6.557e+00     
 -50.000          90.000           -1.734e+01          -2.110e+01              82.022          -1.972e+01              98.961           3.956e+00     
 -49.000          90.000           -1.736e+01          -2.074e+01              79.111          -2.004e+01              99.513           2.229e+00     
 -48.000          90.000           -1.748e+01          -2.042e+01              76.616          -2.056e+01              99.729           1.090e+00     
 -47.000          90.000           -1.770e+01          -2.015e+01              74.517          -2.135e+01              99.506           4.821e-01     
 -46.000          90.000           -1.800e+01          -1.992e+01              72.800          -2.247e+01              98.632           5.002e-01     
 -45.000          90.000           -1.836e+01          -1.973e+01              71.453          -2.403e+01              96.641           1.434e+00     
 -44.000          90.000           -1.873e+01          -1.958e+01              70.467          -2.621e+01              92.414           4.007e+00     
 -43.000          90.000           -1.903e+01          -1.945e+01              69.831          -2.934e+01              82.684           1.106e+01     
 -42.000          90.000           -1.919e+01          -1.935e+01              69.532          -3.340e+01              56.183           1.440e+01     
 -41.000          90.000           -1.911e+01          -1.926e+01              69.552          -3.375e+01               3.047           2.585e+00     
 -40.000          90.000           -1.879e+01          -1.918e+01              69.861          -2.939e+01             332.552          -2.404e+00     
 -39.000          90.000           -1.825e+01          -1.909e+01              70.417          -2.576e+01             321.828          -5.336e+00     
 -38.000          90.000           -1.758e+01          -1.899e+01              71.165          -2.314e+01             317.700          -7.080e+00     
 -37.000          90.000           -1.687e+01          -1.887e+01              72.035          -2.120e+01             316.321          -7.997e+00     
 -36.000          90.000           -1.619e+01          -1.872e+01              72.947          -1.975e+01             316.442          -8.394e+00     
 -35.000          90.000           -1.560e+01          -1.854e+01              73.817          -1.867e+01             317.597          -8.575e+00     
 -34.000          90.000           -1.510e+01          -1.833e+01              74.562          -1.790e+01             319.629          -8.767e+00     
 -33.000          90.000           -1.472e+01          -1.810e+01              75.112          -1.739e+01             322.537          -9.108e+00     
 -32.000          90.000           -1.445e+01          -1.785e+01              75.411          -1.710e+01             326.428          -9.669e+00     
 -31.000          90.000           -1.428e+01          -1.759e+01              75.419          -1.702e+01             331.509          -1.049e+01     
 -30.000          90.000           -1.420e+01          -1.732e+01              75.121          -1.710e+01             338.073          -1.160e+01     
 -29.000          90.000           -1.415e+01          -1.705e+01              74.515          -1.727e+01             346.463          -1.233e+01     
 -28.000          90.000           -1.409e+01          -1.680e+01              73.617          -1.742e+01             356.939          -1.057e+01     
 -27.000          90.000           -1.396e+01          -1.658e+01              72.455          -1.740e+01               9.392          -8.369e+00     
 -26.000          90.000           -1.370e+01          -1.638e+01              71.063          -1.707e+01              23.027          -5.636e+00     
 -25.000          90.000           -1.328e+01          -1.621e+01              69.485          -1.637e+01              36.486          -2.128e+00     
 -24.000          90.000           -1.271e+01          -1.609e+01              67.763          -1.538e+01              48.526           2.751e+00     
 -23.000          90.000           -1.205e+01          -1.602e+01              65.945          -1.427e+01              58.584           1.131e+01     
 -22.000          90.000           -1.136e+01          -1.601e+01              64.078          -1.318e+01              66.707           2.054e+01     
 -21.000          90.000           -1.070e+01          -1.607e+01              62.212          -1.219e+01              73.216           8.481e+00     
 -20.000          90.000           -1.013e+01          -1.621e+01              60.397          -1.136e+01              78.467           4.619e+00     
 -19.000          90.000           -9.689e+00          -1.644e+01              58.689          -1.072e+01              82.756           2.622e+00     
 -18.000          90.000           -9.404e+00          -1.677e+01              57.151          -1.028e+01              86.311           1.464e+00     
 -17.000          90.000           -9.307e+00          -1.721e+01              55.859          -1.007e+01              89.292           7.719e-01     
 -16.000          90.000           -9.432e+00          -1.780e+01              54.918          -1.012e+01              91.808           3.654e-01     
 -15.000          90.000           -9.822e+00          -1.854e+01              54.472          -1.045e+01              93.919           1.442e-01     
 -14.000          90.000           -1.054e+01          -1.946e+01              54.744          -1.114e+01              95.639           4.926e-02     
 -13.000          90.000           -1.169e+01          -2.060e+01              56.092          -1.229e+01              96.904           5.234e-02     
 -12.000          90.000           -1.347e+01          -2.199e+01              59.126          -1.413e+01              97.483           1.819e-01     
 -11.000          90.000           -1.627e+01          -2.362e+01              64.907          -1.716e+01              96.552           7.480e-01     
 -10.000          90.000           -2.101e+01          -2.539e+01              75.173          -2.299e+01              89.571           5.611e+00     
  -9.000          90.000           -2.578e+01          -2.686e+01              91.767          -3.236e+01             349.389          -6.843e+00     
  -8.000          90.000           -1.911e+01          -2.722e+01             113.116          -1.984e+01             301.781           1.255e+01     
  -7.000          90.000           -1.392e+01          -2.621e+01             132.228          -1.418e+01             297.438           1.169e+01     
  -6.000          90.000           -1.045e+01          -2.459e+01             144.861          -1.062e+01             296.735           8.067e+00     
  -5.000          90.000           -7.916e+00          -2.298e+01             152.020          -8.053e+00             297.041           7.248e+00     
  -4.000          90.000           -5.958e+00          -2.161e+01             155.666          -6.078e+00             297.761           7.213e+00     
  -3.000          90.000           -4.403e+00          -2.050e+01             157.110          -4.512e+00             298.691           7.553e+00     
  -2.000          90.000           -3.157e+00          -1.963e+01             157.095          -3.256e+00             299.743           8.142e+00     
  -1.000          90.000           -2.158e+00          -1.898e+01             156.033          -2.250e+00             300.876           8.945e+00     
   0.000          90.000           -1.371e+00          -1.851e+01             154.157          -1.456e+00             302.068           9.970e+00     
   1.000          90.000           -7.688e-01          -1.820e+01             151.599          -8.480e-01             303.310           1.126e+01     
   2.000          90.000           -3.351e-01          -1.803e+01             148.425          -4.096e-01             304.598           1.292e+01     
   3.000          90.000           -5.847e-02          -1.797e+01             144.681          -1.292e-01             305.931           1.513e+01     
   4.000          90.000            6.807e-02          -1.801e+01             140.399           0.000e+00             307.313           1.835e+01     
   5.000          90.000            4.810e-02          -1.813e+01             135.622          -1.849e-02             308.750           2.399e+01     
   6.000          90.000           -1.179e-01          -1.830e+01             130.412          -1.845e-01             310.251           2.730e+01     
   7.000          90.000           -4.323e-01          -1.849e+01             124.873          -5.007e-01             311.832           2.376e+01     
   8.000          90.000           -9.010e-01          -1.871e+01             119.146          -9.736e-01             313.511           1.728e+01     
   9.000          90.000           -1.534e+00          -1.893e+01             113.417          -1.613e+00             315.317           1.332e+01     
  10.000          90.000           -2.345e+00          -1.916e+01             107.895          -2.436e+00             317.294           1.035e+01     
  11.000          90.000           -3.355e+00          -1.941e+01             102.797          -3.464e+00             319.508           7.857e+00     
  12.000          90.000           -4.596e+00          -1.969e+01              98.330          -4.732e+00             322.066           5.614e+00     
  13.000          90.000           -6.112e+00          -2.004e+01              94.689          -6.291e+00             325.156           3.457e+00     
  14.000          90.000           -7.972e+00          -2.048e+01              92.068          -8.223e+00             329.132           1.239e+00     
  15.000          90.000           -1.028e+01          -2.104e+01              90.695          -1.066e+01             334.751          -1.227e+00     
  16.000          90.000           -1.316e+01          -2.175e+01              90.881          -1.381e+01             343.891          -4.225e+00     
  17.000          90.000           -1.663e+01          -2.262e+01              93.093          -1.789e+01               2.171          -7.959e+00     
  18.000          90.000           -1.940e+01          -2.363e+01              98.042          -2.146e+01              43.492          -6.494e+00     
  19.000          90.000           -1.856e+01          -2.468e+01             106.671          -1.978e+01              90.419           5.568e+00     
  20.000          90.000           -1.601e+01          -2.547e+01             119.665          -1.653e+01             112.558           1.543e+01     
  21.000          90.000           -1.389e+01          -2.561e+01             136.029          -1.419e+01             123.161           1.235e+01     
  22.000          90.000           -1.238e+01          -2.490e+01             152.365          -1.264e+01             129.523           8.213e+00     
  23.000          90.000           -1.138e+01          -2.359e+01             165.580          -1.164e+01             134.023           5.273e+00     
  24.000          90.000           -1.075e+01          -2.211e+01             175.085          -1.108e+01             137.587           3.080e+00     
  25.000          90.000           -1.042e+01          -2.070e+01             181.705          -1.085e+01             140.642           1.321e+00     
  26.000          90.000           -1.035e+01          -1.946e+01             186.382          -1.092e+01             143.422          -1.604e-01     
  27.000          90.000           -1.049e+01          -1.840e+01             189.806          -1.125e+01             146.077          -1.438e+00     
  28.000          90.000           -1.082e+01          -1.753e+01             192.433          -1.186e+01             148.723          -2.530e+00     
  29.000          90.000           -1.131e+01          -1.684e+01             194.557          -1.274e+01             151.474          -3.398e+00     
  30.000          90.000           -1.194e+01          -1.630e+01             196.378          -1.392e+01             154.477          -3.931e+00     
  31.000          90.000           -1.267e+01          -1.592e+01             198.032          -1.545e+01             157.957          -3.921e+00     
  32.000          90.000           -1.346e+01          -1.567e+01             199.624          -1.744e+01             162.338          -3.038e+00     
  33.000          90.000           -1.424e+01          -1.557e+01             201.234          -2.004e+01             168.569          -7.523e-01     
  34.000          90.000           -1.495e+01          -1.559e+01             202.936          -2.357e+01             179.264           4.323e+00     
  35.000          90.000           -1.551e+01          -1.574e+01             204.799          -2.829e+01             203.668           2.730e+01     
  36.000          90.000           -1.588e+01          -1.603e+01             206.900          -3.061e+01             259.179           4.040e+00     
  37.000          90.000           -1.606e+01          -1.644e+01             209.329          -2.688e+01             299.256          -2.252e+00     
  38.000          90.000           -1.611e+01          -1.698e+01             212.198          -2.353e+01             314.923          -5.812e+00     
  39.000          90.000           -1.610e+01          -1.766e+01             215.656          -2.130e+01             322.834          -8.152e+00     
  40.000          90.000           -1.608e+01          -1.847e+01             219.908          -1.981e+01             327.875          -9.610e+00     
  41.000          90.000           -1.611e+01          -1.941e+01             225.235          -1.884e+01             331.588          -1.012e+01     
  42.000          90.000           -1.620e+01          -2.047e+01             232.021          -1.824e+01             334.591          -9.743e+00     
  43.000          90.000           -1.638e+01          -2.158e+01             240.746          -1.794e+01             337.169          -8.920e+00     
  44.000          90.000           -1.664e+01          -2.265e+01             251.887          -1.789e+01             339.479          -7.926e+00     
  45.000          90.000           -1.697e+01          -2.348e+01             265.563          -1.807e+01             341.611          -6.827e+00     
  46.000          90.000           -1.736e+01          -2.388e+01             280.987          -1.845e+01             343.623          -5.600e+00     
  47.000          90.000           -1.777e+01          -2.373e+01             296.406          -1.904e+01             345.554          -4.188e+00     
  48.000          90.000           -1.818e+01          -2.316e+01             310.107          -1.984e+01             347.432          -2.507e+00     
  49.000          90.000           -1.853e+01          -2.236e+01             321.370          -2.086e+01             349.281          -4.591e-01     
  50.000          90.000           -1.879e+01          -2.151e+01             330.354          -2.212e+01             351.123           2.064e+00     
  51.000          90.000           -1.894e+01          -2.071e+01             337.537          -2.368e+01             352.987           5.170e+00     
  52.000          90.000           -1.896e+01          -2.001e+01             343.401          -2.562e+01             354.909           8.963e+00     
  53.000          90.000           -1.887e+01          -1.942e+01             348.320          -2.809e+01             356.965           1.352e+01     
  54.000          90.000           -1.870e+01          -1.894e+01             352.570          -3.140e+01             359.340           1.881e+01     
  55.000          90.000           -1.849e+01          -1.856e+01             356.347          -3.641e+01               2.732           2.437e+01     
  56.000          90.000           -1.828e+01          -1.828e+01             359.796          -4.737e+01              14.411           2.730e+01     
  57.000          90.000           -1.808e+01          -1.809e+01               3.022          -4.470e+01             172.044           2.730e+01     
  58.000          90.000           -1.793e+01          -1.799e+01               6.107          -3.676e+01             179.862           2.546e+01     
  59.000          90.000           -1.783e+01          -1.796e+01               9.112          -3.313e+01             182.979           2.216e+01     
  60.000          90.000           -1.778e+01          -1.800e+01              12.092          -3.094e+01             185.324           1.924e+01     
  61.000          90.000           -1.780e+01          -1.810e+01              15.088          -2.950e+01             187.418           1.679e+01     
  62.000          90.000           -1.787e+01          -1.826e+01              18.141          -2.853e+01             189.416           1.472e+01     
  63.000          90.000           -1.801e+01          -1.848e+01              21.286          -2.789e+01             191.371           1.291e+01     
  64.000          90.000           -1.820e+01          -1.875e+01              24.558          -2.750e+01             193.322           1.132e+01     
  65.000          90.000           -1.845e+01          -1.906e+01              27.989          -2.732e+01             195.289           9.881e+00     
  66.000          90.000           -1.875e+01          -1.941e+01              31.611          -2.730e+01             197.286           8.568e+00     
  67.000          90.000           -1.910e+01          -1.979e+01              35.455          -2.742e+01             199.325           7.356e+00     
  68.000          90.000           -1.948e+01          -2.020e+01              39.550          -2.767e+01             201.417           6.235e+00     
  69.000          90.000           -1.990e+01          -2.062e+01              43.922          -2.804e+01             203.573           5.199e+00     
  70.000          90.000           -2.034e+01          -2.106e+01              48.588          -2.851e+01             205.802           4.254e+00     
  71.000          90.000           -2.079e+01          -2.149e+01              53.558          -2.907e+01             208.117           3.411e+00     
  72.000          90.000           -2.124e+01          -2.190e+01              58.828          -2.973e+01             210.527           2.687e+00     
  73.000          90.000           -2.168e+01          -2.229e+01              64.372          -3.047e+01             213.045           2.108e+00     
  74.000          90.000           -2.209e+01          -2.264e+01              70.145          -3.129e+01             215.681           1.699e+00     
  75.000          90.000           -2.246e+01          -2.294e+01              76.079          -3.220e+01             218.446           1.491e+00     
  76.000          90.000           -2.277e+01          -2.318e+01              82.086          -3.318e+01             221.348           1.506e+00     
  77.000          90.000           -2.302e+01          -2.337e+01              88.065          -3.423e+01             224.393           1.762e+00     
  78.000          90.000           -2.321e+01          -2.349e+01              93.912          -3.536e+01             227.581           2.261e+00     
  79.000          90.000           -2.334e+01          -2.355e+01              99.533          -3.656e+01             230.907           2.998e+00     
  80.000          90.000           -2.341e+01          -2.357e+01             104.848          -3.783e+01             234.353           3.956e+00     
  81.000          90.000           -2.343e+01          -2.354e+01             109.797          -3.919e+01             237.893           5.120e+00     
  82.000          90.000           -2.341e+01          -2.349e+01             114.342          -4.063e+01             241.492           6.475e+00     
  83.000          90.000           -2.337e+01          -2.343e+01             118.465          -4.219e+01             245.075           8.014e+00     
  84.000          90.000           -2.331e+01          -2.335e+01             122.160          -4.388e+01             248.580           9.749e+00     
  85.000          90.000           -2.325e+01          -2.327e+01             125.431          -4.577e+01             251.924           1.172e+01     
  86.000          90.000           -2.319e+01          -2.320e+01             128.287          -4.797e+01             255.019           1.400e+01     
  87.000          90.000           -2.314e+01          -2.314e+01             130.740          -5.067e+01             257.779           1.679e+01     
  88.000          90.000           -2.310e+01          -2.310e+01             132.800          -5.434e+01             260.129           2.054e+01     
  89.000          90.000           -2.307e+01          -2.307e+01             134.477          -6.045e+01             262.007           2.669e+01     
  90.000          90.000           -2.306e+01          -2.306e+01             135.775          -1.425e+02             348.435           2.730e+01     
  91.000          90.000           -2.000e+02          -2.000e+02               0.000          -2.000e+02               0.000           2.730e+01     
  92.000          90.000           -2.000e+02          -2.000e+02               0.000          -2.000e+02               0.000           2.730e+01     
  93.000          90.000           -2.000e+02          -2.000e+02               0.000          -2.000e+02               0.000           2.730e+01     
  94.000          90.000           -2.000e+02          -2.000e+02               0.000          -2.000e+02               0.000           2.730e+01     
  95.000          90.000           -2.000e+02          -2.000e+02               0.000          -2.000e+02               0.000           2.730e+01     
  96.000          90.000           -2.000e+02          -2.000e+02               0.000          -2.000e+02               0.000           2.730e+01     
  97.000          90.000           -2.000e+02          -2.000e+02               0.000          -2.000e+02               0.000           2.730e+01     
  98.000          90.000           -2.000e+02          -2.000e+02               0.000          -2.000e+02               0.000           2.730e+01     
  99.000          90.000           -2.000e+02          -2.000e+02               0.000          -2.000e+02               0.000           2.730e+01     
 100.000          90.000           -2.000e+02          -2.000e+02               0.000          -2.000e+02               0.000           2.730e+01     
 101.000          90.000           -2.000e+02          -2.000e+02               0.000          -2.000e+02               0.000           2.730e+01     
 102.000          90.000           -2.000e+02          -2.000e+02               0.000          -2.000e+02               0.000           2.730e+01     
 103.000          90.000           -2.000e+02          -2.000e+02               0.000          -2.000e+02               0.000           2.730e+01     
 104.000          90.000           -2.000e+02          -2.000e+02               0.000          -2.000e+02               0.000           2.730e+01     
 105.000          90.000           -2.000e+02          -2.000e+02               0.000          -2.000e+02               0.000           2.730e+01     
 106.000          90.000           -2.000e+02          -2.000e+02               0.000          -2.000e+02               0.000           2.730e+01     
 107.000          90.000           -2.000e+02          -2.000e+02               0.000          -2.000e+02               0.000           2.730e+01     
 108.000          90.000           -2.000e+02          -2.000e+02               0.000          -2.000e+02               0.000           2.730e+01     
 109.000          90.000           -2.000e+02          -2.000e+02               0.000          -2.000e+02               0.000           2.730e+01     
 110.000          90.000           -2.000e+02          -2.000e+02               0.000          -2.000e+02               0.000           2.730e+01     
 111.000          90.000           -2.000e+02          -2.000e+02               0.000          -2.000e+02               0.000           2.730e+01     
 112.000          90.000           -2.000e+02          -2.000e+02               0.000          -2.000e+02               0.000           2.730e+01     
 113.000          90.000           -2.000e+02          -2.000e+02               0.000          -2.000e+02               0.000           2.730e+01     
 114.000          90.000           -2.000e+02          -2.000e+02               0.000          -2.000e+02               0.000           2.730e+01     
 115.000          90.000           -2.000e+02          -2.000e+02               0.000          -2.000e+02               0.000           2.730e+01     
 116.000          90.000           -2.000e+02          -2.000e+02               0.000          -2.000e+02               0.000           2.730e+01     
 117.000          90.000           -2.000e+02          -2.000e+02               0.000          -2.000e+02               0.000           2.730e+01     
 118.000          90.000           -2.000e+02          -2.000e+02               0.000          -2.000e+02               0.000           2.730e+01     
 119.000          90.000           -2.000e+02          -2.000e+02               0.000          -2.000e+02               0.000           2.730e+01     
 120.000          90.000           -2.000e+02          -2.000e+02               0.000          -2.000e+02               0.000           2.730e+01     
 121.000          90.000           -2.000e+02          -2.000e+02               0.000          -2.000e+02               0.000           2.730e+01     
 122.000          90.000           -2.000e+02          -2.000e+02               0.000          -2.000e+02               0.000           2.730e+01     
 123.000          90.000           -2.000e+02          -2.000e+02               0.000          -2.000e+02               0.000           2.730e+01     
 124.000          90.000           -2.000e+02          -2.000e+02               0.000          -2.000e+02               0.000           2.730e+01     
 125.000          90.000           -2.000e+02          -2.000e+02               0.000          -2.000e+02               0.000           2.730e+01     
 126.000          90.000           -2.000e+02          -2.000e+02               0.000          -2.000e+02               0.000           2.730e+01     
 127.000          90.000           -2.000e+02          -2.000e+02               0.000          -2.000e+02               0.000           2.730e+01     
 128.000          90.000           -2.000e+02          -2.000e+02               0.000          -2.000e+02               0.000           2.730e+01     
 129.000          90.000           -2.000e+02          -2.000e+02               0.000          -2.000e+02               0.000           2.730e+01     
 130.000          90.000           -2.000e+02          -2.000e+02               0.000          -2.000e+02               0.000           2.730e+01     
 131.000          90.000           -2.000e+02          -2.000e+02               0.000          -2.000e+02               0.000           2.730e+01     
 132.000          90.000           -2.000e+02          -2.000e+02               0.000          -2.000e+02               0.000           2.730e+01     
 133.000          90.000           -2.000e+02          -2.000e+02               0.000          -2.000e+02               0.000           2.730e+01     
 134.000          90.000           -2.000e+02          -2.000e+02               0.000          -2.000e+02               0.000           2.730e+01     
 135.000          90.000           -2.000e+02          -2.000e+02               0.000          -2.000e+02               0.000           2.730e+01     
 136.000          90.000           -2.000e+02          -2.000e+02               0.000          -2.000e+02               0.000           2.730e+01     
 137.000          90.000           -2.000e+02          -2.000e+02               0.000          -2.000e+02               0.000           2.730e+01     
 138.000          90.000           -2.000e+02          -2.000e+02               0.000          -2.000e+02               0.000           2.730e+01     
 139.000          90.000           -2.000e+02          -2.000e+02               0.000          -2.000e+02               0.000           2.730e+01     
 140.000          90.000           -2.000e+02          -2.000e+02               0.000          -2.000e+02               0.000           2.730e+01     
 141.000          90.000           -2.000e+02          -2.000e+02               0.000          -2.000e+02               0.000           2.730e+01     
 142.000          90.000           -2.000e+02          -2.000e+02               0.000          -2.000e+02               0.000           2.730e+01     
 143.000          90.000           -2.000e+02          -2.000e+02               0.000          -2.000e+02               0.000           2.730e+01     
 144.000          90.000           -2.000e+02          -2.000e+02               0.000          -2.000e+02               0.000           2.730e+01     
 145.000          90.000           -2.000e+02          -2.000e+02               0.000          -2.000e+02               0.000           2.730e+01     
 146.000          90.000           -2.000e+02          -2.000e+02               0.000          -2.000e+02               0.000           2.730e+01     
 147.000          90.000           -2.000e+02          -2.000e+02               0.000          -2.000e+02               0.000           2.730e+01     
 148.000          90.000           -2.000e+02          -2.000e+02               0.000          -2.000e+02               0.000           2.730e+01     
 149.000          90.000           -2.000e+02          -2.000e+02               0.000          -2.000e+02               0.000           2.730e+01     
 150.000          90.000           -2.000e+02          -2.000e+02               0.000          -2.000e+02               0.000           2.730e+01     
 151.000          90.000           -2.000e+02          -2.000e+02               0.000          -2.000e+02               0.000           2.730e+01     
 152.000          90.000           -2.000e+02          -2.000e+02               0.000          -2.000e+02               0.000           2.730e+01     
 153.000          90.000           -2.000e+02          -2.000e+02               0.000          -2.000e+02               0.000           2.730e+01     
 154.000          90.000           -2.000e+02          -2.000e+02               0.000          -2.000e+02               0.000           2.730e+01     
 155.000          90.000           -2.000e+02          -2.000e+02               0.000          -2.000e+02               0.000           2.730e+01     
 156.000          90.000           -2.000e+02          -2.000e+02               0.000          -2.000e+02               0.000           2.730e+01     
 157.000          90.000           -2.000e+02          -2.000e+02               0.000          -2.000e+02               0.000           2.730e+01     
 158.000          90.000           -2.000e+02          -2.000e+02               0.000          -2.000e+02               0.000           2.730e+01     
 159.000          90.000           -2.000e+02          -2.000e+02               0.000          -2.000e+02               0.000           2.730e+01     
 160.000          90.000           -2.000e+02          -2.000e+02               0.000          -2.000e+02               0.000           2.730e+01     
 161.000          90.000           -2.000e+02          -2.000e+02               0.000          -2.000e+02               0.000           2.730e+01     
 162.000          90.000           -2.000e+02          -2.000e+02               0.000          -2.000e+02               0.000           2.730e+01     
 163.000          90.000           -2.000e+02          -2.000e+02               0.000          -2.000e+02               0.000           2.730e+01     
 164.000          90.000           -2.000e+02          -2.000e+02               0.000          -2.000e+02               0.000           2.730e+01     
 165.000          90.000           -2.000e+02          -2.000e+02               0.000          -2.000e+02               0.000           2.730e+01     
 166.000          90.000           -2.000e+02          -2.000e+02               0.000          -2.000e+02               0.000           2.730e+01     
 167.000          90.000           -2.000e+02          -2.000e+02               0.000          -2.000e+02               0.000           2.730e+01     
 168.000          90.000           -2.000e+02          -2.000e+02               0.000          -2.000e+02               0.000           2.730e+01     
 169.000          90.000           -2.000e+02          -2.000e+02               0.000          -2.000e+02               0.000           2.730e+01     
 170.000          90.000           -2.000e+02          -2.000e+02               0.000          -2.000e+02               0.000           2.730e+01     
 171.000          90.000           -2.000e+02          -2.000e+02               0.000          -2.000e+02               0.000           2.730e+01     
 172.000          90.000           -2.000e+02          -2.000e+02               0.000          -2.000e+02               0.000           2.730e+01     
 173.000          90.000           -2.000e+02          -2.000e+02               0.000          -2.000e+02               0.000           2.730e+01     
 174.000          90.000           -2.000e+02          -2.000e+02               0.000          -2.000e+02               0.000           2.730e+01     
 175.000          90.000           -2.000e+02          -2.000e+02               0.000          -2.000e+02               0.000           2.730e+01     
 176.000          90.000           -2.000e+02          -2.000e+02               0.000          -2.000e+02               0.000           2.730e+01     
 177.000          90.000           -2.000e+02          -2.000e+02               0.000          -2.000e+02               0.000           2.730e+01     
 178.000          90.000           -2.000e+02          -2.000e+02               0.000          -2.000e+02               0.000           2.730e+01     
 179.000          90.000           -2.000e+02          -2.000e+02               0.000          -2.000e+02               0.000           2.730e+01     
