Theta [deg.]  Phi   [deg.]  Abs(Dir.)[dB    ]   Abs(Theta)[dB    ]  Phase(Theta)[deg.]  Abs(Phi  )[dB    ]  Phase(Phi  )[deg.]  Ax.Ratio[dB    ]    
------------------------------------------------------------------------------------------------------------------------------------------------------
-180.000          90.000           -2.000e+02          -2.000e+02               0.000          -2.000e+02               0.000           2.684e+01     
-179.000          90.000           -2.000e+02          -2.000e+02               0.000          -2.000e+02               0.000           2.684e+01     
-178.000          90.000           -2.000e+02          -2.000e+02               0.000          -2.000e+02               0.000           2.684e+01     
-177.000          90.000           -2.000e+02          -2.000e+02               0.000          -2.000e+02               0.000           2.684e+01     
-176.000          90.000           -2.000e+02          -2.000e+02               0.000          -2.000e+02               0.000           2.684e+01     
-175.000          90.000           -2.000e+02          -2.000e+02               0.000          -2.000e+02               0.000           2.684e+01     
-174.000          90.000           -2.000e+02          -2.000e+02               0.000          -2.000e+02               0.000           2.684e+01     
-173.000          90.000           -2.000e+02          -2.000e+02               0.000          -2.000e+02               0.000           2.684e+01     
-172.000          90.000           -2.000e+02          -2.000e+02               0.000          -2.000e+02               0.000           2.684e+01     
-171.000          90.000           -2.000e+02          -2.000e+02               0.000          -2.000e+02               0.000           2.684e+01     
-170.000          90.000           -2.000e+02          -2.000e+02               0.000          -2.000e+02               0.000           2.684e+01     
-169.000          90.000           -2.000e+02          -2.000e+02               0.000          -2.000e+02               0.000           2.684e+01     
-168.000          90.000           -2.000e+02          -2.000e+02               0.000          -2.000e+02               0.000           2.684e+01     
-167.000          90.000           -2.000e+02          -2.000e+02               0.000          -2.000e+02               0.000           2.684e+01     
-166.000          90.000           -2.000e+02          -2.000e+02               0.000          -2.000e+02               0.000           2.684e+01     
-165.000          90.000           -2.000e+02          -2.000e+02               0.000          -2.000e+02               0.000           2.684e+01     
-164.000          90.000           -2.000e+02          -2.000e+02               0.000          -2.000e+02               0.000           2.684e+01     
-163.000          90.000           -2.000e+02          -2.000e+02               0.000          -2.000e+02               0.000           2.684e+01     
-162.000          90.000           -2.000e+02          -2.000e+02               0.000          -2.000e+02               0.000           2.684e+01     
-161.000          90.000           -2.000e+02          -2.000e+02               0.000          -2.000e+02               0.000           2.684e+01     
-160.000          90.000           -2.000e+02          -2.000e+02               0.000          -2.000e+02               0.000           2.684e+01     
-159.000          90.000           -2.000e+02          -2.000e+02               0.000          -2.000e+02               0.000           2.684e+01     
-158.000          90.000           -2.000e+02          -2.000e+02               0.000          -2.000e+02               0.000           2.684e+01     
-157.000          90.000           -2.000e+02          -2.000e+02               0.000          -2.000e+02               0.000           2.684e+01     
-156.000          90.000           -2.000e+02          -2.000e+02               0.000          -2.000e+02               0.000           2.684e+01     
-155.000          90.000           -2.000e+02          -2.000e+02               0.000          -2.000e+02               0.000           2.684e+01     
-154.000          90.000           -2.000e+02          -2.000e+02               0.000          -2.000e+02               0.000           2.684e+01     
-153.000          90.000           -2.000e+02          -2.000e+02               0.000          -2.000e+02               0.000           2.684e+01     
-152.000          90.000           -2.000e+02          -2.000e+02               0.000          -2.000e+02               0.000           2.684e+01     
-151.000          90.000           -2.000e+02          -2.000e+02               0.000          -2.000e+02               0.000           2.684e+01     
-150.000          90.000           -2.000e+02          -2.000e+02               0.000          -2.000e+02               0.000           2.684e+01     
-149.000          90.000           -2.000e+02          -2.000e+02               0.000          -2.000e+02               0.000           2.684e+01     
-148.000          90.000           -2.000e+02          -2.000e+02               0.000          -2.000e+02               0.000           2.684e+01     
-147.000          90.000           -2.000e+02          -2.000e+02               0.000          -2.000e+02               0.000           2.684e+01     
-146.000          90.000           -2.000e+02          -2.000e+02               0.000          -2.000e+02               0.000           2.684e+01     
-145.000          90.000           -2.000e+02          -2.000e+02               0.000          -2.000e+02               0.000           2.684e+01     
-144.000          90.000           -2.000e+02          -2.000e+02               0.000          -2.000e+02               0.000           2.684e+01     
-143.000          90.000           -2.000e+02          -2.000e+02               0.000          -2.000e+02               0.000           2.684e+01     
-142.000          90.000           -2.000e+02          -2.000e+02               0.000          -2.000e+02               0.000           2.684e+01     
-141.000          90.000           -2.000e+02          -2.000e+02               0.000          -2.000e+02               0.000           2.684e+01     
-140.000          90.000           -2.000e+02          -2.000e+02               0.000          -2.000e+02               0.000           2.684e+01     
-139.000          90.000           -2.000e+02          -2.000e+02               0.000          -2.000e+02               0.000           2.684e+01     
-138.000          90.000           -2.000e+02          -2.000e+02               0.000          -2.000e+02               0.000           2.684e+01     
-137.000          90.000           -2.000e+02          -2.000e+02               0.000          -2.000e+02               0.000           2.684e+01     
-136.000          90.000           -2.000e+02          -2.000e+02               0.000          -2.000e+02               0.000           2.684e+01     
-135.000          90.000           -2.000e+02          -2.000e+02               0.000          -2.000e+02               0.000           2.684e+01     
-134.000          90.000           -2.000e+02          -2.000e+02               0.000          -2.000e+02               0.000           2.684e+01     
-133.000          90.000           -2.000e+02          -2.000e+02               0.000          -2.000e+02               0.000           2.684e+01     
-132.000          90.000           -2.000e+02          -2.000e+02               0.000          -2.000e+02               0.000           2.684e+01     
-131.000          90.000           -2.000e+02          -2.000e+02               0.000          -2.000e+02               0.000           2.684e+01     
-130.000          90.000           -2.000e+02          -2.000e+02               0.000          -2.000e+02               0.000           2.684e+01     
-129.000          90.000           -2.000e+02          -2.000e+02               0.000          -2.000e+02               0.000           2.684e+01     
-128.000          90.000           -2.000e+02          -2.000e+02               0.000          -2.000e+02               0.000           2.684e+01     
-127.000          90.000           -2.000e+02          -2.000e+02               0.000          -2.000e+02               0.000           2.684e+01     
-126.000          90.000           -2.000e+02          -2.000e+02               0.000          -2.000e+02               0.000           2.684e+01     
-125.000          90.000           -2.000e+02          -2.000e+02               0.000          -2.000e+02               0.000           2.684e+01     
-124.000          90.000           -2.000e+02          -2.000e+02               0.000          -2.000e+02               0.000           2.684e+01     
-123.000          90.000           -2.000e+02          -2.000e+02               0.000          -2.000e+02               0.000           2.684e+01     
-122.000          90.000           -2.000e+02          -2.000e+02               0.000          -2.000e+02               0.000           2.684e+01     
-121.000          90.000           -2.000e+02          -2.000e+02               0.000          -2.000e+02               0.000           2.684e+01     
-120.000          90.000           -2.000e+02          -2.000e+02               0.000          -2.000e+02               0.000           2.684e+01     
-119.000          90.000           -2.000e+02          -2.000e+02               0.000          -2.000e+02               0.000           2.684e+01     
-118.000          90.000           -2.000e+02          -2.000e+02               0.000          -2.000e+02               0.000           2.684e+01     
-117.000          90.000           -2.000e+02          -2.000e+02               0.000          -2.000e+02               0.000           2.684e+01     
-116.000          90.000           -2.000e+02          -2.000e+02               0.000          -2.000e+02               0.000           2.684e+01     
-115.000          90.000           -2.000e+02          -2.000e+02               0.000          -2.000e+02               0.000           2.684e+01     
-114.000          90.000           -2.000e+02          -2.000e+02               0.000          -2.000e+02               0.000           2.684e+01     
-113.000          90.000           -2.000e+02          -2.000e+02               0.000          -2.000e+02               0.000           2.684e+01     
-112.000          90.000           -2.000e+02          -2.000e+02               0.000          -2.000e+02               0.000           2.684e+01     
-111.000          90.000           -2.000e+02          -2.000e+02               0.000          -2.000e+02               0.000           2.684e+01     
-110.000          90.000           -2.000e+02          -2.000e+02               0.000          -2.000e+02               0.000           2.684e+01     
-109.000          90.000           -2.000e+02          -2.000e+02               0.000          -2.000e+02               0.000           2.684e+01     
-108.000          90.000           -2.000e+02          -2.000e+02               0.000          -2.000e+02               0.000           2.684e+01     
-107.000          90.000           -2.000e+02          -2.000e+02               0.000          -2.000e+02               0.000           2.684e+01     
-106.000          90.000           -2.000e+02          -2.000e+02               0.000          -2.000e+02               0.000           2.684e+01     
-105.000          90.000           -2.000e+02          -2.000e+02               0.000          -2.000e+02               0.000           2.684e+01     
-104.000          90.000           -2.000e+02          -2.000e+02               0.000          -2.000e+02               0.000           2.684e+01     
-103.000          90.000           -2.000e+02          -2.000e+02               0.000          -2.000e+02               0.000           2.684e+01     
-102.000          90.000           -2.000e+02          -2.000e+02               0.000          -2.000e+02               0.000           2.684e+01     
-101.000          90.000           -2.000e+02          -2.000e+02               0.000          -2.000e+02               0.000           2.684e+01     
-100.000          90.000           -2.000e+02          -2.000e+02               0.000          -2.000e+02               0.000           2.684e+01     
 -99.000          90.000           -2.000e+02          -2.000e+02               0.000          -2.000e+02               0.000           2.684e+01     
 -98.000          90.000           -2.000e+02          -2.000e+02               0.000          -2.000e+02               0.000           2.684e+01     
 -97.000          90.000           -2.000e+02          -2.000e+02               0.000          -2.000e+02               0.000           2.684e+01     
 -96.000          90.000           -2.000e+02          -2.000e+02               0.000          -2.000e+02               0.000           2.684e+01     
 -95.000          90.000           -2.000e+02          -2.000e+02               0.000          -2.000e+02               0.000           2.684e+01     
 -94.000          90.000           -2.000e+02          -2.000e+02               0.000          -2.000e+02               0.000           2.684e+01     
 -93.000          90.000           -2.000e+02          -2.000e+02               0.000          -2.000e+02               0.000           2.684e+01     
 -92.000          90.000           -2.000e+02          -2.000e+02               0.000          -2.000e+02               0.000           2.684e+01     
 -91.000          90.000           -2.000e+02          -2.000e+02               0.000          -2.000e+02               0.000           2.684e+01     
 -90.000          90.000           -2.225e+01          -2.225e+01              96.636          -1.556e+02              40.049           2.684e+01     
 -89.000          90.000           -2.219e+01          -2.224e+01              95.459          -4.196e+01             147.604           8.650e+00     
 -88.000          90.000           -2.204e+01          -2.222e+01              94.192          -3.596e+01             146.515           2.758e+00     
 -87.000          90.000           -2.180e+01          -2.218e+01              92.836          -3.248e+01             145.457          -5.510e-01     
 -86.000          90.000           -2.149e+01          -2.214e+01              91.390          -3.004e+01             144.429          -2.757e+00     
 -85.000          90.000           -2.113e+01          -2.208e+01              89.856          -2.818e+01             143.433          -4.330e+00     
 -84.000          90.000           -2.074e+01          -2.201e+01              88.234          -2.669e+01             142.469          -5.485e+00     
 -83.000          90.000           -2.033e+01          -2.192e+01              86.523          -2.547e+01             141.541          -6.346e+00     
 -82.000          90.000           -1.994e+01          -2.183e+01              84.726          -2.445e+01             140.649          -6.995e+00     
 -81.000          90.000           -1.955e+01          -2.173e+01              82.840          -2.358e+01             139.796          -7.495e+00     
 -80.000          90.000           -1.919e+01          -2.163e+01              80.867          -2.285e+01             138.985          -7.891e+00     
 -79.000          90.000           -1.885e+01          -2.151e+01              78.807          -2.224e+01             138.220          -8.223e+00     
 -78.000          90.000           -1.855e+01          -2.139e+01              76.658          -2.173e+01             137.504          -8.520e+00     
 -77.000          90.000           -1.828e+01          -2.127e+01              74.420          -2.131e+01             136.842          -8.804e+00     
 -76.000          90.000           -1.805e+01          -2.115e+01              72.092          -2.098e+01             136.242          -9.094e+00     
 -75.000          90.000           -1.786e+01          -2.102e+01              69.673          -2.073e+01             135.709          -9.401e+00     
 -74.000          90.000           -1.772e+01          -2.090e+01              67.161          -2.057e+01             135.256          -9.735e+00     
 -73.000          90.000           -1.762e+01          -2.077e+01              64.556          -2.049e+01             134.893          -1.010e+01     
 -72.000          90.000           -1.757e+01          -2.065e+01              61.855          -2.051e+01             134.639          -1.050e+01     
 -71.000          90.000           -1.756e+01          -2.053e+01              59.057          -2.062e+01             134.515          -1.093e+01     
 -70.000          90.000           -1.760e+01          -2.041e+01              56.161          -2.082e+01             134.550          -1.134e+01     
 -69.000          90.000           -1.769e+01          -2.029e+01              53.165          -2.114e+01             134.788          -1.162e+01     
 -68.000          90.000           -1.781e+01          -2.018e+01              50.070          -2.158e+01             135.288          -1.157e+01     
 -67.000          90.000           -1.798e+01          -2.007e+01              46.876          -2.217e+01             136.140          -1.105e+01     
 -66.000          90.000           -1.818e+01          -1.996e+01              43.586          -2.292e+01             137.482          -1.013e+01     
 -65.000          90.000           -1.840e+01          -1.985e+01              40.203          -2.387e+01             139.538          -8.877e+00     
 -64.000          90.000           -1.862e+01          -1.974e+01              36.732          -2.506e+01             142.693          -7.242e+00     
 -63.000          90.000           -1.883e+01          -1.963e+01              33.182          -2.653e+01             147.645          -5.084e+00     
 -62.000          90.000           -1.899e+01          -1.952e+01              29.564          -2.833e+01             155.733          -2.066e+00     
 -61.000          90.000           -1.908e+01          -1.941e+01              25.892          -3.035e+01             169.462           2.764e+00     
 -60.000          90.000           -1.907e+01          -1.930e+01              22.182          -3.197e+01             191.937           1.496e+01     
 -59.000          90.000           -1.895e+01          -1.917e+01              18.453          -3.190e+01             220.152           8.608e+00     
 -58.000          90.000           -1.872e+01          -1.905e+01              14.730          -3.013e+01             242.859           7.919e-01     
 -57.000          90.000           -1.840e+01          -1.891e+01              11.035          -2.793e+01             256.813          -3.136e+00     
 -56.000          90.000           -1.802e+01          -1.878e+01               7.396          -2.597e+01             265.088          -5.667e+00     
 -55.000          90.000           -1.760e+01          -1.863e+01               3.838          -2.436e+01             270.217          -7.406e+00     
 -54.000          90.000           -1.719e+01          -1.849e+01               0.386          -2.306e+01             273.552          -8.561e+00     
 -53.000          90.000           -1.680e+01          -1.834e+01             357.067          -2.204e+01             275.793          -9.217e+00     
 -52.000          90.000           -1.645e+01          -1.819e+01             353.902          -2.126e+01             277.319          -9.443e+00     
 -51.000          90.000           -1.616e+01          -1.805e+01             350.910          -2.071e+01             278.342          -9.349e+00     
 -50.000          90.000           -1.595e+01          -1.790e+01             348.106          -2.036e+01             278.980          -9.058e+00     
 -49.000          90.000           -1.582e+01          -1.777e+01             345.503          -2.023e+01             279.291          -8.659e+00     
 -48.000          90.000           -1.576e+01          -1.764e+01             343.108          -2.031e+01             279.285          -8.197e+00     
 -47.000          90.000           -1.579e+01          -1.752e+01             340.923          -2.063e+01             278.926          -7.674e+00     
 -46.000          90.000           -1.590e+01          -1.742e+01             338.947          -2.121e+01             278.111          -7.066e+00     
 -45.000          90.000           -1.607e+01          -1.732e+01             337.173          -2.210e+01             276.625          -6.318e+00     
 -44.000          90.000           -1.629e+01          -1.724e+01             335.589          -2.337e+01             274.031          -5.347e+00     
 -43.000          90.000           -1.653e+01          -1.717e+01             334.178          -2.514e+01             269.373          -4.042e+00     
 -42.000          90.000           -1.674e+01          -1.712e+01             332.919          -2.754e+01             260.320          -2.247e+00     
 -41.000          90.000           -1.688e+01          -1.708e+01             331.784          -3.049e+01             240.892           2.564e-01     
 -40.000          90.000           -1.691e+01          -1.705e+01             330.742          -3.199e+01             203.823           3.828e+00     
 -39.000          90.000           -1.680e+01          -1.704e+01             329.756          -2.965e+01             169.647           9.238e+00     
 -38.000          90.000           -1.656e+01          -1.704e+01             328.786          -2.644e+01             153.266           1.933e+01     
 -37.000          90.000           -1.623e+01          -1.705e+01             327.789          -2.386e+01             146.256           2.675e+01     
 -36.000          90.000           -1.584e+01          -1.708e+01             326.720          -2.189e+01             143.528           1.922e+01     
 -35.000          90.000           -1.545e+01          -1.712e+01             325.534          -2.042e+01             143.165           2.115e+01     
 -34.000          90.000           -1.510e+01          -1.717e+01             324.187          -1.932e+01             144.433           2.684e+01     
 -33.000          90.000           -1.482e+01          -1.724e+01             322.637          -1.851e+01             147.076           1.517e+01     
 -32.000          90.000           -1.461e+01          -1.732e+01             320.851          -1.795e+01             151.070           7.838e+00     
 -31.000          90.000           -1.448e+01          -1.742e+01             318.797          -1.756e+01             156.513           2.990e+00     
 -30.000          90.000           -1.439e+01          -1.753e+01             316.458          -1.728e+01             163.551          -7.910e-01     
 -29.000          90.000           -1.431e+01          -1.764e+01             313.827          -1.701e+01             172.250          -3.971e+00     
 -28.000          90.000           -1.416e+01          -1.776e+01             310.915          -1.665e+01             182.430          -6.712e+00     
 -27.000          90.000           -1.388e+01          -1.789e+01             307.747          -1.608e+01             193.519          -8.936e+00     
 -26.000          90.000           -1.342e+01          -1.802e+01             304.371          -1.528e+01             204.629          -1.003e+01     
 -25.000          90.000           -1.277e+01          -1.814e+01             300.852          -1.427e+01             214.878          -9.228e+00     
 -24.000          90.000           -1.198e+01          -1.827e+01             297.273          -1.314e+01             223.747          -7.375e+00     
 -23.000          90.000           -1.111e+01          -1.841e+01             293.729          -1.201e+01             231.097          -5.234e+00     
 -22.000          90.000           -1.024e+01          -1.855e+01             290.321          -1.093e+01             237.043          -3.034e+00     
 -21.000          90.000           -9.421e+00          -1.873e+01             287.157          -9.964e+00             241.789          -8.523e-01     
 -20.000          90.000           -8.702e+00          -1.894e+01             284.344          -9.135e+00             245.537           1.259e+00     
 -19.000          90.000           -8.109e+00          -1.920e+01             281.991          -8.461e+00             248.451           3.240e+00     
 -18.000          90.000           -7.661e+00          -1.953e+01             280.216          -7.953e+00             250.642           5.006e+00     
 -17.000          90.000           -7.375e+00          -1.995e+01             279.161          -7.622e+00             252.175           6.432e+00     
 -16.000          90.000           -7.264e+00          -2.047e+01             278.998          -7.477e+00             253.056           7.362e+00     
 -15.000          90.000           -7.345e+00          -2.109e+01             279.966          -7.532e+00             253.235           7.645e+00     
 -14.000          90.000           -7.636e+00          -2.182e+01             282.390          -7.805e+00             252.575           7.191e+00     
 -13.000          90.000           -8.158e+00          -2.264e+01             286.694          -8.316e+00             250.816           6.015e+00     
 -12.000          90.000           -8.932e+00          -2.345e+01             293.350          -9.088e+00             247.488           4.240e+00     
 -11.000          90.000           -9.957e+00          -2.411e+01             302.635          -1.013e+01             241.756           2.086e+00     
 -10.000          90.000           -1.116e+01          -2.442e+01             314.110          -1.137e+01             232.214          -5.198e-03     
  -9.000          90.000           -1.223e+01          -2.423e+01             326.285          -1.252e+01             217.053          -8.790e-01     
  -8.000          90.000           -1.254e+01          -2.357e+01             337.267          -1.290e+01             196.248           1.995e+00     
  -7.000          90.000           -1.160e+01          -2.264e+01             345.916          -1.196e+01             174.958           1.429e+01     
  -6.000          90.000           -9.856e+00          -2.163e+01             352.105          -1.016e+01             158.886           1.170e+01     
  -5.000          90.000           -7.951e+00          -2.068e+01             356.209          -8.190e+00             148.531           6.373e+00     
  -4.000          90.000           -6.207e+00          -1.985e+01             358.692          -6.399e+00             142.110           5.038e+00     
  -3.000          90.000           -4.707e+00          -1.915e+01             359.929          -4.866e+00             138.125           4.834e+00     
  -2.000          90.000           -3.451e+00          -1.861e+01               0.186          -3.586e+00             135.660           5.087e+00     
  -1.000          90.000           -2.418e+00          -1.820e+01             359.642          -2.534e+00             134.183           5.569e+00     
   0.000          90.000           -1.586e+00          -1.793e+01             358.409          -1.688e+00             133.377           6.194e+00     
   1.000          90.000           -9.370e-01          -1.778e+01             356.561          -1.028e+00             133.046           6.934e+00     
   2.000          90.000           -4.559e-01          -1.774e+01             354.134          -5.379e-01             133.066           7.787e+00     
   3.000          90.000           -1.326e-01          -1.779e+01             351.158          -2.077e-01             133.357           8.772e+00     
   4.000          90.000            4.029e-02          -1.792e+01             347.663          -2.980e-02             133.864           9.921e+00     
   5.000          90.000            6.676e-02          -1.810e+01             343.694           0.000e+00             134.551           1.129e+01     
   6.000          90.000           -5.170e-02          -1.832e+01             339.327          -1.169e-01             135.395           1.299e+01     
   7.000          90.000           -3.163e-01          -1.855e+01             334.683          -3.820e-01             136.383           1.519e+01     
   8.000          90.000           -7.312e-01          -1.878e+01             329.928          -7.998e-01             137.511           1.830e+01     
   9.000          90.000           -1.304e+00          -1.899e+01             325.276          -1.378e+00             138.783           2.354e+01     
  10.000          90.000           -2.045e+00          -1.920e+01             320.965          -2.130e+00             140.213           2.684e+01     
  11.000          90.000           -2.973e+00          -1.939e+01             317.238          -3.073e+00             141.831           2.529e+01     
  12.000          90.000           -4.110e+00          -1.959e+01             314.321          -4.235e+00             143.690           1.821e+01     
  13.000          90.000           -5.492e+00          -1.981e+01             312.419          -5.656e+00             145.879           1.397e+01     
  14.000          90.000           -7.170e+00          -2.007e+01             311.719          -7.399e+00             148.569           1.069e+01     
  15.000          90.000           -9.218e+00          -2.035e+01             312.395          -9.566e+00             152.101           7.699e+00     
  16.000          90.000           -1.174e+01          -2.066e+01             314.611          -1.234e+01             157.255           4.504e+00     
  17.000          90.000           -1.484e+01          -2.096e+01             318.491          -1.605e+01             166.237           4.545e-01     
  18.000          90.000           -1.820e+01          -2.120e+01             324.051          -2.122e+01             187.377          -5.137e+00     
  19.000          90.000           -1.971e+01          -2.129e+01             331.096          -2.487e+01             245.061          -9.527e+00     
  20.000          90.000           -1.804e+01          -2.118e+01             339.146          -2.093e+01             290.804          -6.192e+00     
  21.000          90.000           -1.579e+01          -2.084e+01             347.496          -1.742e+01             306.768          -3.703e+00     
  22.000          90.000           -1.406e+01          -2.030e+01             355.442          -1.524e+01             314.402          -2.863e+00     
  23.000          90.000           -1.288e+01          -1.963e+01               2.509          -1.391e+01             319.197          -2.884e+00     
  24.000          90.000           -1.214e+01          -1.891e+01               8.513          -1.316e+01             322.748          -3.325e+00     
  25.000          90.000           -1.174e+01          -1.820e+01              13.486          -1.285e+01             325.662          -3.971e+00     
  26.000          90.000           -1.162e+01          -1.755e+01              17.566          -1.290e+01             328.221          -4.711e+00     
  27.000          90.000           -1.175e+01          -1.699e+01              20.920          -1.329e+01             330.574          -5.467e+00     
  28.000          90.000           -1.208e+01          -1.653e+01              23.704          -1.401e+01             332.811          -6.151e+00     
  29.000          90.000           -1.259e+01          -1.618e+01              26.049          -1.508e+01             334.994          -6.628e+00     
  30.000          90.000           -1.324e+01          -1.595e+01              28.061          -1.658e+01             337.172          -6.669e+00     
  31.000          90.000           -1.400e+01          -1.584e+01              29.826          -1.862e+01             339.403          -5.948e+00     
  32.000          90.000           -1.480e+01          -1.585e+01              31.411          -2.149e+01             341.780          -4.065e+00     
  33.000          90.000           -1.556e+01          -1.598e+01              32.872          -2.592e+01             344.581          -2.820e-01     
  34.000          90.000           -1.620e+01          -1.625e+01              34.257          -3.513e+01             350.034           8.904e+00     
  35.000          90.000           -1.662e+01          -1.666e+01              35.608          -3.695e+01             160.993           8.935e+00     
  36.000          90.000           -1.680e+01          -1.721e+01              36.969          -2.726e+01             167.478          -3.565e-01     
  37.000          90.000           -1.679e+01          -1.793e+01              38.384          -2.316e+01             170.640          -4.042e+00     
  38.000          90.000           -1.666e+01          -1.884e+01              39.912          -2.071e+01             173.467          -5.521e+00     
  39.000          90.000           -1.650e+01          -1.997e+01              41.634          -1.909e+01             176.287          -5.513e+00     
  40.000          90.000           -1.636e+01          -2.137e+01              43.679          -1.800e+01             179.209          -4.522e+00     
  41.000          90.000           -1.628e+01          -2.314e+01              46.287          -1.728e+01             182.298          -2.912e+00     
  42.000          90.000           -1.627e+01          -2.542e+01              49.966          -1.683e+01             185.598          -8.291e-01     
  43.000          90.000           -1.635e+01          -2.853e+01              56.061          -1.662e+01             189.166           1.754e+00     
  44.000          90.000           -1.649e+01          -3.309e+01              69.443          -1.658e+01             193.058           4.998e+00     
  45.000          90.000           -1.668e+01          -3.899e+01             114.916          -1.670e+01             197.336           9.207e+00     
  46.000          90.000           -1.690e+01          -3.568e+01             181.569          -1.695e+01             202.067           1.479e+01     
  47.000          90.000           -1.711e+01          -3.066e+01             202.063          -1.731e+01             207.322           2.134e+01     
  48.000          90.000           -1.730e+01          -2.742e+01             210.132          -1.774e+01             213.167           2.294e+01     
  49.000          90.000           -1.743e+01          -2.519e+01             214.743          -1.822e+01             219.651           1.675e+01     
  50.000          90.000           -1.748e+01          -2.356e+01             217.995          -1.872e+01             226.785           1.043e+01     
  51.000          90.000           -1.747e+01          -2.232e+01             220.611          -1.919e+01             234.514           5.688e+00     
  52.000          90.000           -1.739e+01          -2.137e+01             222.895          -1.961e+01             242.708           2.188e+00     
  53.000          90.000           -1.726e+01          -2.063e+01             225.007          -1.994e+01             251.149          -4.422e-01     
  54.000          90.000           -1.711e+01          -2.007e+01             227.036          -2.017e+01             259.566          -2.457e+00     
  55.000          90.000           -1.696e+01          -1.965e+01             229.038          -2.032e+01             267.684          -4.022e+00     
  56.000          90.000           -1.683e+01          -1.936e+01             231.052          -2.039e+01             275.277          -5.250e+00     
  57.000          90.000           -1.673e+01          -1.917e+01             233.109          -2.041e+01             282.203          -6.216e+00     
  58.000          90.000           -1.668e+01          -1.907e+01             235.232          -2.042e+01             288.401          -6.972e+00     
  59.000          90.000           -1.667e+01          -1.905e+01             237.441          -2.043e+01             293.874          -7.555e+00     
  60.000          90.000           -1.672e+01          -1.911e+01             239.755          -2.047e+01             298.662          -7.990e+00     
  61.000          90.000           -1.683e+01          -1.923e+01             242.194          -2.055e+01             302.828          -8.294e+00     
  62.000          90.000           -1.699e+01          -1.940e+01             244.776          -2.068e+01             306.435          -8.480e+00     
  63.000          90.000           -1.720e+01          -1.964e+01             247.519          -2.087e+01             309.543          -8.554e+00     
  64.000          90.000           -1.746e+01          -1.992e+01             250.445          -2.111e+01             312.206          -8.520e+00     
  65.000          90.000           -1.778e+01          -2.024e+01             253.572          -2.142e+01             314.470          -8.380e+00     
  66.000          90.000           -1.814e+01          -2.060e+01             256.921          -2.178e+01             316.372          -8.132e+00     
  67.000          90.000           -1.854e+01          -2.098e+01             260.514          -2.221e+01             317.941          -7.771e+00     
  68.000          90.000           -1.898e+01          -2.139e+01             264.368          -2.269e+01             319.202          -7.290e+00     
  69.000          90.000           -1.945e+01          -2.182e+01             268.499          -2.322e+01             320.173          -6.676e+00     
  70.000          90.000           -1.995e+01          -2.225e+01             272.916          -2.381e+01             320.870          -5.912e+00     
  71.000          90.000           -2.046e+01          -2.267e+01             277.621          -2.445e+01             321.307          -4.969e+00     
  72.000          90.000           -2.098e+01          -2.309e+01             282.601          -2.514e+01             321.494          -3.808e+00     
  73.000          90.000           -2.150e+01          -2.347e+01             287.831          -2.587e+01             321.447          -2.369e+00     
  74.000          90.000           -2.200e+01          -2.382e+01             293.266          -2.664e+01             321.178          -5.572e-01     
  75.000          90.000           -2.247e+01          -2.413e+01             298.845          -2.746e+01             320.706           1.795e+00     
  76.000          90.000           -2.291e+01          -2.438e+01             304.489          -2.832e+01             320.053           5.021e+00     
  77.000          90.000           -2.330e+01          -2.459e+01             310.111          -2.921e+01             319.246           9.984e+00     
  78.000          90.000           -2.364e+01          -2.473e+01             315.625          -3.015e+01             318.322           2.100e+01     
  79.000          90.000           -2.391e+01          -2.483e+01             320.946          -3.113e+01             317.319           1.895e+01     
  80.000          90.000           -2.414e+01          -2.488e+01             326.002          -3.217e+01             316.281           1.103e+01     
  81.000          90.000           -2.430e+01          -2.489e+01             330.738          -3.327e+01             315.258           7.799e+00     
  82.000          90.000           -2.443e+01          -2.488e+01             335.115          -3.445e+01             314.300           6.210e+00     
  83.000          90.000           -2.451e+01          -2.485e+01             339.111          -3.575e+01             313.456           5.578e+00     
  84.000          90.000           -2.456e+01          -2.480e+01             342.714          -3.720e+01             312.775           5.650e+00     
  85.000          90.000           -2.459e+01          -2.476e+01             345.923          -3.888e+01             312.299           6.330e+00     
  86.000          90.000           -2.460e+01          -2.471e+01             348.740          -4.088e+01             312.066           7.630e+00     
  87.000          90.000           -2.461e+01          -2.467e+01             351.173          -4.343e+01             312.106           9.690e+00     
  88.000          90.000           -2.461e+01          -2.464e+01             353.229          -4.699e+01             312.442           1.293e+01     
  89.000          90.000           -2.461e+01          -2.462e+01             354.912          -5.303e+01             313.091           1.879e+01     
  90.000          90.000           -2.461e+01          -2.461e+01             356.228          -1.422e+02             173.749           2.684e+01     
  91.000          90.000           -2.000e+02          -2.000e+02               0.000          -2.000e+02               0.000           2.684e+01     
  92.000          90.000           -2.000e+02          -2.000e+02               0.000          -2.000e+02               0.000           2.684e+01     
  93.000          90.000           -2.000e+02          -2.000e+02               0.000          -2.000e+02               0.000           2.684e+01     
  94.000          90.000           -2.000e+02          -2.000e+02               0.000          -2.000e+02               0.000           2.684e+01     
  95.000          90.000           -2.000e+02          -2.000e+02               0.000          -2.000e+02               0.000           2.684e+01     
  96.000          90.000           -2.000e+02          -2.000e+02               0.000          -2.000e+02               0.000           2.684e+01     
  97.000          90.000           -2.000e+02          -2.000e+02               0.000          -2.000e+02               0.000           2.684e+01     
  98.000          90.000           -2.000e+02          -2.000e+02               0.000          -2.000e+02               0.000           2.684e+01     
  99.000          90.000           -2.000e+02          -2.000e+02               0.000          -2.000e+02               0.000           2.684e+01     
 100.000          90.000           -2.000e+02          -2.000e+02               0.000          -2.000e+02               0.000           2.684e+01     
 101.000          90.000           -2.000e+02          -2.000e+02               0.000          -2.000e+02               0.000           2.684e+01     
 102.000          90.000           -2.000e+02          -2.000e+02               0.000          -2.000e+02               0.000           2.684e+01     
 103.000          90.000           -2.000e+02          -2.000e+02               0.000          -2.000e+02               0.000           2.684e+01     
 104.000          90.000           -2.000e+02          -2.000e+02               0.000          -2.000e+02               0.000           2.684e+01     
 105.000          90.000           -2.000e+02          -2.000e+02               0.000          -2.000e+02               0.000           2.684e+01     
 106.000          90.000           -2.000e+02          -2.000e+02               0.000          -2.000e+02               0.000           2.684e+01     
 107.000          90.000           -2.000e+02          -2.000e+02               0.000          -2.000e+02               0.000           2.684e+01     
 108.000          90.000           -2.000e+02          -2.000e+02               0.000          -2.000e+02               0.000           2.684e+01     
 109.000          90.000           -2.000e+02          -2.000e+02               0.000          -2.000e+02               0.000           2.684e+01     
 110.000          90.000           -2.000e+02          -2.000e+02               0.000          -2.000e+02               0.000           2.684e+01     
 111.000          90.000           -2.000e+02          -2.000e+02               0.000          -2.000e+02               0.000           2.684e+01     
 112.000          90.000           -2.000e+02          -2.000e+02               0.000          -2.000e+02               0.000           2.684e+01     
 113.000          90.000           -2.000e+02          -2.000e+02               0.000          -2.000e+02               0.000           2.684e+01     
 114.000          90.000           -2.000e+02          -2.000e+02               0.000          -2.000e+02               0.000           2.684e+01     
 115.000          90.000           -2.000e+02          -2.000e+02               0.000          -2.000e+02               0.000           2.684e+01     
 116.000          90.000           -2.000e+02          -2.000e+02               0.000          -2.000e+02               0.000           2.684e+01     
 117.000          90.000           -2.000e+02          -2.000e+02               0.000          -2.000e+02               0.000           2.684e+01     
 118.000          90.000           -2.000e+02          -2.000e+02               0.000          -2.000e+02               0.000           2.684e+01     
 119.000          90.000           -2.000e+02          -2.000e+02               0.000          -2.000e+02               0.000           2.684e+01     
 120.000          90.000           -2.000e+02          -2.000e+02               0.000          -2.000e+02               0.000           2.684e+01     
 121.000          90.000           -2.000e+02          -2.000e+02               0.000          -2.000e+02               0.000           2.684e+01     
 122.000          90.000           -2.000e+02          -2.000e+02               0.000          -2.000e+02               0.000           2.684e+01     
 123.000          90.000           -2.000e+02          -2.000e+02               0.000          -2.000e+02               0.000           2.684e+01     
 124.000          90.000           -2.000e+02          -2.000e+02               0.000          -2.000e+02               0.000           2.684e+01     
 125.000          90.000           -2.000e+02          -2.000e+02               0.000          -2.000e+02               0.000           2.684e+01     
 126.000          90.000           -2.000e+02          -2.000e+02               0.000          -2.000e+02               0.000           2.684e+01     
 127.000          90.000           -2.000e+02          -2.000e+02               0.000          -2.000e+02               0.000           2.684e+01     
 128.000          90.000           -2.000e+02          -2.000e+02               0.000          -2.000e+02               0.000           2.684e+01     
 129.000          90.000           -2.000e+02          -2.000e+02               0.000          -2.000e+02               0.000           2.684e+01     
 130.000          90.000           -2.000e+02          -2.000e+02               0.000          -2.000e+02               0.000           2.684e+01     
 131.000          90.000           -2.000e+02          -2.000e+02               0.000          -2.000e+02               0.000           2.684e+01     
 132.000          90.000           -2.000e+02          -2.000e+02               0.000          -2.000e+02               0.000           2.684e+01     
 133.000          90.000           -2.000e+02          -2.000e+02               0.000          -2.000e+02               0.000           2.684e+01     
 134.000          90.000           -2.000e+02          -2.000e+02               0.000          -2.000e+02               0.000           2.684e+01     
 135.000          90.000           -2.000e+02          -2.000e+02               0.000          -2.000e+02               0.000           2.684e+01     
 136.000          90.000           -2.000e+02          -2.000e+02               0.000          -2.000e+02               0.000           2.684e+01     
 137.000          90.000           -2.000e+02          -2.000e+02               0.000          -2.000e+02               0.000           2.684e+01     
 138.000          90.000           -2.000e+02          -2.000e+02               0.000          -2.000e+02               0.000           2.684e+01     
 139.000          90.000           -2.000e+02          -2.000e+02               0.000          -2.000e+02               0.000           2.684e+01     
 140.000          90.000           -2.000e+02          -2.000e+02               0.000          -2.000e+02               0.000           2.684e+01     
 141.000          90.000           -2.000e+02          -2.000e+02               0.000          -2.000e+02               0.000           2.684e+01     
 142.000          90.000           -2.000e+02          -2.000e+02               0.000          -2.000e+02               0.000           2.684e+01     
 143.000          90.000           -2.000e+02          -2.000e+02               0.000          -2.000e+02               0.000           2.684e+01     
 144.000          90.000           -2.000e+02          -2.000e+02               0.000          -2.000e+02               0.000           2.684e+01     
 145.000          90.000           -2.000e+02          -2.000e+02               0.000          -2.000e+02               0.000           2.684e+01     
 146.000          90.000           -2.000e+02          -2.000e+02               0.000          -2.000e+02               0.000           2.684e+01     
 147.000          90.000           -2.000e+02          -2.000e+02               0.000          -2.000e+02               0.000           2.684e+01     
 148.000          90.000           -2.000e+02          -2.000e+02               0.000          -2.000e+02               0.000           2.684e+01     
 149.000          90.000           -2.000e+02          -2.000e+02               0.000          -2.000e+02               0.000           2.684e+01     
 150.000          90.000           -2.000e+02          -2.000e+02               0.000          -2.000e+02               0.000           2.684e+01     
 151.000          90.000           -2.000e+02          -2.000e+02               0.000          -2.000e+02               0.000           2.684e+01     
 152.000          90.000           -2.000e+02          -2.000e+02               0.000          -2.000e+02               0.000           2.684e+01     
 153.000          90.000           -2.000e+02          -2.000e+02               0.000          -2.000e+02               0.000           2.684e+01     
 154.000          90.000           -2.000e+02          -2.000e+02               0.000          -2.000e+02               0.000           2.684e+01     
 155.000          90.000           -2.000e+02          -2.000e+02               0.000          -2.000e+02               0.000           2.684e+01     
 156.000          90.000           -2.000e+02          -2.000e+02               0.000          -2.000e+02               0.000           2.684e+01     
 157.000          90.000           -2.000e+02          -2.000e+02               0.000          -2.000e+02               0.000           2.684e+01     
 158.000          90.000           -2.000e+02          -2.000e+02               0.000          -2.000e+02               0.000           2.684e+01     
 159.000          90.000           -2.000e+02          -2.000e+02               0.000          -2.000e+02               0.000           2.684e+01     
 160.000          90.000           -2.000e+02          -2.000e+02               0.000          -2.000e+02               0.000           2.684e+01     
 161.000          90.000           -2.000e+02          -2.000e+02               0.000          -2.000e+02               0.000           2.684e+01     
 162.000          90.000           -2.000e+02          -2.000e+02               0.000          -2.000e+02               0.000           2.684e+01     
 163.000          90.000           -2.000e+02          -2.000e+02               0.000          -2.000e+02               0.000           2.684e+01     
 164.000          90.000           -2.000e+02          -2.000e+02               0.000          -2.000e+02               0.000           2.684e+01     
 165.000          90.000           -2.000e+02          -2.000e+02               0.000          -2.000e+02               0.000           2.684e+01     
 166.000          90.000           -2.000e+02          -2.000e+02               0.000          -2.000e+02               0.000           2.684e+01     
 167.000          90.000           -2.000e+02          -2.000e+02               0.000          -2.000e+02               0.000           2.684e+01     
 168.000          90.000           -2.000e+02          -2.000e+02               0.000          -2.000e+02               0.000           2.684e+01     
 169.000          90.000           -2.000e+02          -2.000e+02               0.000          -2.000e+02               0.000           2.684e+01     
 170.000          90.000           -2.000e+02          -2.000e+02               0.000          -2.000e+02               0.000           2.684e+01     
 171.000          90.000           -2.000e+02          -2.000e+02               0.000          -2.000e+02               0.000           2.684e+01     
 172.000          90.000           -2.000e+02          -2.000e+02               0.000          -2.000e+02               0.000           2.684e+01     
 173.000          90.000           -2.000e+02          -2.000e+02               0.000          -2.000e+02               0.000           2.684e+01     
 174.000          90.000           -2.000e+02          -2.000e+02               0.000          -2.000e+02               0.000           2.684e+01     
 175.000          90.000           -2.000e+02          -2.000e+02               0.000          -2.000e+02               0.000           2.684e+01     
 176.000          90.000           -2.000e+02          -2.000e+02               0.000          -2.000e+02               0.000           2.684e+01     
 177.000          90.000           -2.000e+02          -2.000e+02               0.000          -2.000e+02               0.000           2.684e+01     
 178.000          90.000           -2.000e+02          -2.000e+02               0.000          -2.000e+02               0.000           2.684e+01     
 179.000          90.000           -2.000e+02          -2.000e+02               0.000          -2.000e+02               0.000           2.684e+01     
