Theta [deg.]  Phi   [deg.]  Abs(Dir.)[dB    ]   Abs(Theta)[dB    ]  Phase(Theta)[deg.]  Abs(Phi  )[dB    ]  Phase(Phi  )[deg.]  Ax.Ratio[dB    ]    
------------------------------------------------------------------------------------------------------------------------------------------------------
-180.000          90.000           -2.000e+02          -2.000e+02               0.000          -2.000e+02               0.000           2.679e+01     
-179.000          90.000           -2.000e+02          -2.000e+02               0.000          -2.000e+02               0.000           2.679e+01     
-178.000          90.000           -2.000e+02          -2.000e+02               0.000          -2.000e+02               0.000           2.679e+01     
-177.000          90.000           -2.000e+02          -2.000e+02               0.000          -2.000e+02               0.000           2.679e+01     
-176.000          90.000           -2.000e+02          -2.000e+02               0.000          -2.000e+02               0.000           2.679e+01     
-175.000          90.000           -2.000e+02          -2.000e+02               0.000          -2.000e+02               0.000           2.679e+01     
-174.000          90.000           -2.000e+02          -2.000e+02               0.000          -2.000e+02               0.000           2.679e+01     
-173.000          90.000           -2.000e+02          -2.000e+02               0.000          -2.000e+02               0.000           2.679e+01     
-172.000          90.000           -2.000e+02          -2.000e+02               0.000          -2.000e+02               0.000           2.679e+01     
-171.000          90.000           -2.000e+02          -2.000e+02               0.000          -2.000e+02               0.000           2.679e+01     
-170.000          90.000           -2.000e+02          -2.000e+02               0.000          -2.000e+02               0.000           2.679e+01     
-169.000          90.000           -2.000e+02          -2.000e+02               0.000          -2.000e+02               0.000           2.679e+01     
-168.000          90.000           -2.000e+02          -2.000e+02               0.000          -2.000e+02               0.000           2.679e+01     
-167.000          90.000           -2.000e+02          -2.000e+02               0.000          -2.000e+02               0.000           2.679e+01     
-166.000          90.000           -2.000e+02          -2.000e+02               0.000          -2.000e+02               0.000           2.679e+01     
-165.000          90.000           -2.000e+02          -2.000e+02               0.000          -2.000e+02               0.000           2.679e+01     
-164.000          90.000           -2.000e+02          -2.000e+02               0.000          -2.000e+02               0.000           2.679e+01     
-163.000          90.000           -2.000e+02          -2.000e+02               0.000          -2.000e+02               0.000           2.679e+01     
-162.000          90.000           -2.000e+02          -2.000e+02               0.000          -2.000e+02               0.000           2.679e+01     
-161.000          90.000           -2.000e+02          -2.000e+02               0.000          -2.000e+02               0.000           2.679e+01     
-160.000          90.000           -2.000e+02          -2.000e+02               0.000          -2.000e+02               0.000           2.679e+01     
-159.000          90.000           -2.000e+02          -2.000e+02               0.000          -2.000e+02               0.000           2.679e+01     
-158.000          90.000           -2.000e+02          -2.000e+02               0.000          -2.000e+02               0.000           2.679e+01     
-157.000          90.000           -2.000e+02          -2.000e+02               0.000          -2.000e+02               0.000           2.679e+01     
-156.000          90.000           -2.000e+02          -2.000e+02               0.000          -2.000e+02               0.000           2.679e+01     
-155.000          90.000           -2.000e+02          -2.000e+02               0.000          -2.000e+02               0.000           2.679e+01     
-154.000          90.000           -2.000e+02          -2.000e+02               0.000          -2.000e+02               0.000           2.679e+01     
-153.000          90.000           -2.000e+02          -2.000e+02               0.000          -2.000e+02               0.000           2.679e+01     
-152.000          90.000           -2.000e+02          -2.000e+02               0.000          -2.000e+02               0.000           2.679e+01     
-151.000          90.000           -2.000e+02          -2.000e+02               0.000          -2.000e+02               0.000           2.679e+01     
-150.000          90.000           -2.000e+02          -2.000e+02               0.000          -2.000e+02               0.000           2.679e+01     
-149.000          90.000           -2.000e+02          -2.000e+02               0.000          -2.000e+02               0.000           2.679e+01     
-148.000          90.000           -2.000e+02          -2.000e+02               0.000          -2.000e+02               0.000           2.679e+01     
-147.000          90.000           -2.000e+02          -2.000e+02               0.000          -2.000e+02               0.000           2.679e+01     
-146.000          90.000           -2.000e+02          -2.000e+02               0.000          -2.000e+02               0.000           2.679e+01     
-145.000          90.000           -2.000e+02          -2.000e+02               0.000          -2.000e+02               0.000           2.679e+01     
-144.000          90.000           -2.000e+02          -2.000e+02               0.000          -2.000e+02               0.000           2.679e+01     
-143.000          90.000           -2.000e+02          -2.000e+02               0.000          -2.000e+02               0.000           2.679e+01     
-142.000          90.000           -2.000e+02          -2.000e+02               0.000          -2.000e+02               0.000           2.679e+01     
-141.000          90.000           -2.000e+02          -2.000e+02               0.000          -2.000e+02               0.000           2.679e+01     
-140.000          90.000           -2.000e+02          -2.000e+02               0.000          -2.000e+02               0.000           2.679e+01     
-139.000          90.000           -2.000e+02          -2.000e+02               0.000          -2.000e+02               0.000           2.679e+01     
-138.000          90.000           -2.000e+02          -2.000e+02               0.000          -2.000e+02               0.000           2.679e+01     
-137.000          90.000           -2.000e+02          -2.000e+02               0.000          -2.000e+02               0.000           2.679e+01     
-136.000          90.000           -2.000e+02          -2.000e+02               0.000          -2.000e+02               0.000           2.679e+01     
-135.000          90.000           -2.000e+02          -2.000e+02               0.000          -2.000e+02               0.000           2.679e+01     
-134.000          90.000           -2.000e+02          -2.000e+02               0.000          -2.000e+02               0.000           2.679e+01     
-133.000          90.000           -2.000e+02          -2.000e+02               0.000          -2.000e+02               0.000           2.679e+01     
-132.000          90.000           -2.000e+02          -2.000e+02               0.000          -2.000e+02               0.000           2.679e+01     
-131.000          90.000           -2.000e+02          -2.000e+02               0.000          -2.000e+02               0.000           2.679e+01     
-130.000          90.000           -2.000e+02          -2.000e+02               0.000          -2.000e+02               0.000           2.679e+01     
-129.000          90.000           -2.000e+02          -2.000e+02               0.000          -2.000e+02               0.000           2.679e+01     
-128.000          90.000           -2.000e+02          -2.000e+02               0.000          -2.000e+02               0.000           2.679e+01     
-127.000          90.000           -2.000e+02          -2.000e+02               0.000          -2.000e+02               0.000           2.679e+01     
-126.000          90.000           -2.000e+02          -2.000e+02               0.000          -2.000e+02               0.000           2.679e+01     
-125.000          90.000           -2.000e+02          -2.000e+02               0.000          -2.000e+02               0.000           2.679e+01     
-124.000          90.000           -2.000e+02          -2.000e+02               0.000          -2.000e+02               0.000           2.679e+01     
-123.000          90.000           -2.000e+02          -2.000e+02               0.000          -2.000e+02               0.000           2.679e+01     
-122.000          90.000           -2.000e+02          -2.000e+02               0.000          -2.000e+02               0.000           2.679e+01     
-121.000          90.000           -2.000e+02          -2.000e+02               0.000          -2.000e+02               0.000           2.679e+01     
-120.000          90.000           -2.000e+02          -2.000e+02               0.000          -2.000e+02               0.000           2.679e+01     
-119.000          90.000           -2.000e+02          -2.000e+02               0.000          -2.000e+02               0.000           2.679e+01     
-118.000          90.000           -2.000e+02          -2.000e+02               0.000          -2.000e+02               0.000           2.679e+01     
-117.000          90.000           -2.000e+02          -2.000e+02               0.000          -2.000e+02               0.000           2.679e+01     
-116.000          90.000           -2.000e+02          -2.000e+02               0.000          -2.000e+02               0.000           2.679e+01     
-115.000          90.000           -2.000e+02          -2.000e+02               0.000          -2.000e+02               0.000           2.679e+01     
-114.000          90.000           -2.000e+02          -2.000e+02               0.000          -2.000e+02               0.000           2.679e+01     
-113.000          90.000           -2.000e+02          -2.000e+02               0.000          -2.000e+02               0.000           2.679e+01     
-112.000          90.000           -2.000e+02          -2.000e+02               0.000          -2.000e+02               0.000           2.679e+01     
-111.000          90.000           -2.000e+02          -2.000e+02               0.000          -2.000e+02               0.000           2.679e+01     
-110.000          90.000           -2.000e+02          -2.000e+02               0.000          -2.000e+02               0.000           2.679e+01     
-109.000          90.000           -2.000e+02          -2.000e+02               0.000          -2.000e+02               0.000           2.679e+01     
-108.000          90.000           -2.000e+02          -2.000e+02               0.000          -2.000e+02               0.000           2.679e+01     
-107.000          90.000           -2.000e+02          -2.000e+02               0.000          -2.000e+02               0.000           2.679e+01     
-106.000          90.000           -2.000e+02          -2.000e+02               0.000          -2.000e+02               0.000           2.679e+01     
-105.000          90.000           -2.000e+02          -2.000e+02               0.000          -2.000e+02               0.000           2.679e+01     
-104.000          90.000           -2.000e+02          -2.000e+02               0.000          -2.000e+02               0.000           2.679e+01     
-103.000          90.000           -2.000e+02          -2.000e+02               0.000          -2.000e+02               0.000           2.679e+01     
-102.000          90.000           -2.000e+02          -2.000e+02               0.000          -2.000e+02               0.000           2.679e+01     
-101.000          90.000           -2.000e+02          -2.000e+02               0.000          -2.000e+02               0.000           2.679e+01     
-100.000          90.000           -2.000e+02          -2.000e+02               0.000          -2.000e+02               0.000           2.679e+01     
 -99.000          90.000           -2.000e+02          -2.000e+02               0.000          -2.000e+02               0.000           2.679e+01     
 -98.000          90.000           -2.000e+02          -2.000e+02               0.000          -2.000e+02               0.000           2.679e+01     
 -97.000          90.000           -2.000e+02          -2.000e+02               0.000          -2.000e+02               0.000           2.679e+01     
 -96.000          90.000           -2.000e+02          -2.000e+02               0.000          -2.000e+02               0.000           2.679e+01     
 -95.000          90.000           -2.000e+02          -2.000e+02               0.000          -2.000e+02               0.000           2.679e+01     
 -94.000          90.000           -2.000e+02          -2.000e+02               0.000          -2.000e+02               0.000           2.679e+01     
 -93.000          90.000           -2.000e+02          -2.000e+02               0.000          -2.000e+02               0.000           2.679e+01     
 -92.000          90.000           -2.000e+02          -2.000e+02               0.000          -2.000e+02               0.000           2.679e+01     
 -91.000          90.000           -2.000e+02          -2.000e+02               0.000          -2.000e+02               0.000           2.679e+01     
 -90.000          90.000           -2.268e+01          -2.268e+01             286.972          -1.591e+02             241.578           2.679e+01     
 -89.000          90.000           -2.259e+01          -2.268e+01             285.807          -3.976e+01             330.362           7.036e+00     
 -88.000          90.000           -2.233e+01          -2.266e+01             284.623          -3.376e+01             329.258           1.307e+00     
 -87.000          90.000           -2.194e+01          -2.263e+01             283.416          -3.028e+01             328.188          -1.733e+00     
 -86.000          90.000           -2.145e+01          -2.258e+01             282.185          -2.784e+01             327.155          -3.570e+00     
 -85.000          90.000           -2.090e+01          -2.252e+01             280.923          -2.597e+01             326.159          -4.692e+00     
 -84.000          90.000           -2.034e+01          -2.246e+01             279.625          -2.448e+01             325.201          -5.350e+00     
 -83.000          90.000           -1.978e+01          -2.238e+01             278.283          -2.325e+01             324.284          -5.706e+00     
 -82.000          90.000           -1.924e+01          -2.229e+01             276.891          -2.221e+01             323.411          -5.877e+00     
 -81.000          90.000           -1.874e+01          -2.220e+01             275.438          -2.134e+01             322.584          -5.946e+00     
 -80.000          90.000           -1.827e+01          -2.209e+01             273.914          -2.060e+01             321.807          -5.972e+00     
 -79.000          90.000           -1.785e+01          -2.199e+01             272.310          -1.997e+01             321.085          -5.993e+00     
 -78.000          90.000           -1.748e+01          -2.187e+01             270.615          -1.944e+01             320.421          -6.037e+00     
 -77.000          90.000           -1.715e+01          -2.176e+01             268.817          -1.900e+01             319.824          -6.119e+00     
 -76.000          90.000           -1.688e+01          -2.164e+01             266.904          -1.864e+01             319.300          -6.253e+00     
 -75.000          90.000           -1.665e+01          -2.152e+01             264.867          -1.836e+01             318.858          -6.447e+00     
 -74.000          90.000           -1.648e+01          -2.140e+01             262.692          -1.816e+01             318.512          -6.706e+00     
 -73.000          90.000           -1.635e+01          -2.128e+01             260.368          -1.804e+01             318.274          -7.037e+00     
 -72.000          90.000           -1.629e+01          -2.116e+01             257.886          -1.800e+01             318.164          -7.445e+00     
 -71.000          90.000           -1.627e+01          -2.103e+01             255.235          -1.803e+01             318.205          -7.934e+00     
 -70.000          90.000           -1.631e+01          -2.091e+01             252.406          -1.815e+01             318.428          -8.512e+00     
 -69.000          90.000           -1.640e+01          -2.078e+01             249.394          -1.836e+01             318.874          -9.185e+00     
 -68.000          90.000           -1.654e+01          -2.065e+01             246.195          -1.867e+01             319.599          -9.964e+00     
 -67.000          90.000           -1.672e+01          -2.051e+01             242.810          -1.908e+01             320.678          -1.086e+01     
 -66.000          90.000           -1.695e+01          -2.036e+01             239.242          -1.960e+01             322.218          -1.190e+01     
 -65.000          90.000           -1.721e+01          -2.020e+01             235.503          -2.024e+01             324.370          -1.303e+01     
 -64.000          90.000           -1.748e+01          -2.002e+01             231.610          -2.101e+01             327.357          -1.189e+01     
 -63.000          90.000           -1.774e+01          -1.982e+01             227.588          -2.192e+01             331.501          -1.021e+01     
 -62.000          90.000           -1.795e+01          -1.961e+01             223.467          -2.295e+01             337.269          -8.147e+00     
 -61.000          90.000           -1.809e+01          -1.937e+01             219.285          -2.404e+01             345.283          -5.510e+00     
 -60.000          90.000           -1.813e+01          -1.911e+01             215.083          -2.507e+01             356.182          -1.857e+00     
 -59.000          90.000           -1.803e+01          -1.882e+01             210.908          -2.579e+01              10.085           4.177e+00     
 -58.000          90.000           -1.779e+01          -1.852e+01             206.803          -2.594e+01              25.727           2.679e+01     
 -57.000          90.000           -1.744e+01          -1.820e+01             202.811          -2.544e+01              40.623           5.710e+00     
 -56.000          90.000           -1.701e+01          -1.786e+01             198.971          -2.451e+01              52.821          -1.987e-01     
 -55.000          90.000           -1.653e+01          -1.752e+01             195.317          -2.345e+01              61.926          -3.393e+00     
 -54.000          90.000           -1.604e+01          -1.717e+01             191.875          -2.243e+01              68.437          -5.463e+00     
 -53.000          90.000           -1.557e+01          -1.683e+01             188.663          -2.155e+01              73.000          -6.879e+00     
 -52.000          90.000           -1.513e+01          -1.649e+01             185.696          -2.085e+01              76.126          -7.839e+00     
 -51.000          90.000           -1.476e+01          -1.617e+01             182.981          -2.033e+01              78.159          -8.433e+00     
 -50.000          90.000           -1.445e+01          -1.587e+01             180.522          -2.000e+01              79.306          -8.713e+00     
 -49.000          90.000           -1.421e+01          -1.559e+01             178.318          -1.987e+01              79.667          -8.712e+00     
 -48.000          90.000           -1.404e+01          -1.533e+01             176.365          -1.995e+01              79.246          -8.457e+00     
 -47.000          90.000           -1.394e+01          -1.511e+01             174.659          -2.024e+01              77.953          -7.964e+00     
 -46.000          90.000           -1.391e+01          -1.491e+01             173.191          -2.077e+01              75.558          -7.225e+00     
 -45.000          90.000           -1.392e+01          -1.475e+01             171.953          -2.153e+01              71.637          -6.211e+00     
 -44.000          90.000           -1.397e+01          -1.462e+01             170.935          -2.254e+01              65.449          -4.853e+00     
 -43.000          90.000           -1.404e+01          -1.453e+01             170.125          -2.371e+01              55.815          -3.028e+00     
 -42.000          90.000           -1.409e+01          -1.448e+01             169.509          -2.478e+01              41.362          -4.992e-01     
 -41.000          90.000           -1.411e+01          -1.446e+01             169.071          -2.519e+01              22.261           3.269e+00     
 -40.000          90.000           -1.406e+01          -1.447e+01             168.792          -2.451e+01               2.579           1.007e+01     
 -39.000          90.000           -1.396e+01          -1.453e+01             168.652          -2.303e+01             347.120           2.679e+01     
 -38.000          90.000           -1.378e+01          -1.462e+01             168.622          -2.135e+01             336.874           8.962e+00     
 -37.000          90.000           -1.356e+01          -1.474e+01             168.673          -1.978e+01             330.615           4.214e+00     
 -36.000          90.000           -1.331e+01          -1.490e+01             168.770          -1.845e+01             327.079           1.896e+00     
 -35.000          90.000           -1.307e+01          -1.509e+01             168.873          -1.736e+01             325.448           7.738e-01     
 -34.000          90.000           -1.286e+01          -1.532e+01             168.939          -1.651e+01             325.262           4.483e-01     
 -33.000          90.000           -1.271e+01          -1.559e+01             168.917          -1.586e+01             326.287           7.691e-01     
 -32.000          90.000           -1.263e+01          -1.589e+01             168.754          -1.541e+01             328.436           1.736e+00     
 -31.000          90.000           -1.262e+01          -1.622e+01             168.396          -1.511e+01             331.713           3.538e+00     
 -30.000          90.000           -1.268e+01          -1.659e+01             167.781          -1.495e+01             336.188           6.816e+00     
 -29.000          90.000           -1.280e+01          -1.700e+01             166.850          -1.487e+01             341.946           1.441e+01     
 -28.000          90.000           -1.293e+01          -1.743e+01             165.546          -1.482e+01             349.028           1.752e+01     
 -27.000          90.000           -1.302e+01          -1.790e+01             163.817          -1.473e+01             357.335           5.895e+00     
 -26.000          90.000           -1.303e+01          -1.839e+01             161.624          -1.452e+01               6.537           8.171e-01     
 -25.000          90.000           -1.289e+01          -1.889e+01             158.949          -1.415e+01              16.063          -2.235e+00     
 -24.000          90.000           -1.260e+01          -1.939e+01             155.809          -1.362e+01              25.249          -3.992e+00     
 -23.000          90.000           -1.217e+01          -1.988e+01             152.261          -1.297e+01              33.540          -4.694e+00     
 -22.000          90.000           -1.166e+01          -2.035e+01             148.417          -1.229e+01              40.622          -4.581e+00     
 -21.000          90.000           -1.115e+01          -2.079e+01             144.443          -1.165e+01              46.404          -3.958e+00     
 -20.000          90.000           -1.069e+01          -2.120e+01             140.552          -1.109e+01              50.927          -3.103e+00     
 -19.000          90.000           -1.034e+01          -2.160e+01             136.979          -1.068e+01              54.267          -2.209e+00     
 -18.000          90.000           -1.013e+01          -2.199e+01             133.968          -1.042e+01              56.471          -1.409e+00     
 -17.000          90.000           -1.010e+01          -2.240e+01             131.763          -1.036e+01              57.523          -7.975e-01     
 -16.000          90.000           -1.027e+01          -2.286e+01             130.600          -1.052e+01              57.290          -4.444e-01     
 -15.000          90.000           -1.066e+01          -2.340e+01             130.743          -1.090e+01              55.476          -3.888e-01     
 -14.000          90.000           -1.127e+01          -2.401e+01             132.504          -1.151e+01              51.530          -5.969e-01     
 -13.000          90.000           -1.207e+01          -2.467e+01             136.260          -1.231e+01              44.540          -8.470e-01     
 -12.000          90.000           -1.287e+01          -2.533e+01             142.407          -1.313e+01              33.299          -4.524e-01     
 -11.000          90.000           -1.329e+01          -2.586e+01             151.151          -1.354e+01              17.253           2.201e+00     
 -10.000          90.000           -1.285e+01          -2.607e+01             162.070          -1.306e+01             358.695           1.106e+01     
  -9.000          90.000           -1.149e+01          -2.583e+01             173.837          -1.166e+01             342.269           1.523e+01     
  -8.000          90.000           -9.708e+00          -2.516e+01             184.730          -9.833e+00             330.412           7.271e+00     
  -7.000          90.000           -7.899e+00          -2.424e+01             193.614          -8.001e+00             322.628           5.300e+00     
  -6.000          90.000           -6.253e+00          -2.324e+01             200.253          -6.341e+00             317.672           4.758e+00     
  -5.000          90.000           -4.820e+00          -2.229e+01             204.915          -4.899e+00             314.571           4.715e+00     
  -4.000          90.000           -3.602e+00          -2.145e+01             208.001          -3.674e+00             312.694           4.866e+00     
  -3.000          90.000           -2.584e+00          -2.077e+01             209.848          -2.651e+00             311.654           5.096e+00     
  -2.000          90.000           -1.751e+00          -2.024e+01             210.703          -1.813e+00             311.207           5.362e+00     
  -1.000          90.000           -1.088e+00          -1.986e+01             210.723          -1.146e+00             311.196           5.649e+00     
   0.000          90.000           -5.842e-01          -1.962e+01             210.003          -6.387e-01             311.520           5.955e+00     
   1.000          90.000           -2.306e-01          -1.953e+01             208.590          -2.820e-01             312.111           6.282e+00     
   2.000          90.000           -2.161e-02          -1.955e+01             206.492          -7.033e-02             312.925           6.635e+00     
   3.000          90.000            4.662e-02          -1.967e+01             203.707           0.000e+00             313.933           7.022e+00     
   4.000          90.000           -2.445e-02          -1.987e+01             200.231          -6.970e-02             315.117           7.450e+00     
   5.000          90.000           -2.354e-01          -2.011e+01             196.087          -2.803e-01             316.471           7.929e+00     
   6.000          90.000           -5.890e-01          -2.037e+01             191.355          -6.349e-01             317.998           8.473e+00     
   7.000          90.000           -1.090e+00          -2.061e+01             186.198          -1.139e+00             319.708           9.097e+00     
   8.000          90.000           -1.747e+00          -2.080e+01             180.872          -1.802e+00             321.628           9.825e+00     
   9.000          90.000           -2.572e+00          -2.091e+01             175.709          -2.636e+00             323.796           1.070e+01     
  10.000          90.000           -3.579e+00          -2.097e+01             171.060          -3.659e+00             326.278           1.178e+01     
  11.000          90.000           -4.790e+00          -2.097e+01             167.242          -4.896e+00             329.180           1.323e+01     
  12.000          90.000           -6.233e+00          -2.096e+01             164.493          -6.382e+00             332.679           1.542e+01     
  13.000          90.000           -7.944e+00          -2.094e+01             162.965          -8.168e+00             337.086           1.979e+01     
  14.000          90.000           -9.961e+00          -2.094e+01             162.752          -1.032e+01             342.987           2.679e+01     
  15.000          90.000           -1.230e+01          -2.097e+01             163.891          -1.293e+01             351.592           1.353e+01     
  16.000          90.000           -1.484e+01          -2.100e+01             166.379          -1.604e+01               5.570           3.641e+00     
  17.000          90.000           -1.703e+01          -2.104e+01             170.157          -1.922e+01              30.158          -4.189e+00     
  18.000          90.000           -1.780e+01          -2.104e+01             175.088          -2.059e+01              66.235          -1.026e+01     
  19.000          90.000           -1.707e+01          -2.097e+01             180.935          -1.934e+01              96.563          -1.137e+01     
  20.000          90.000           -1.591e+01          -2.082e+01             187.372          -1.760e+01             114.338          -9.032e+00     
  21.000          90.000           -1.495e+01          -2.058e+01             194.023          -1.633e+01             124.984          -7.785e+00     
  22.000          90.000           -1.433e+01          -2.027e+01             200.541          -1.561e+01             132.188          -7.372e+00     
  23.000          90.000           -1.407e+01          -1.992e+01             206.672          -1.537e+01             137.631          -7.536e+00     
  24.000          90.000           -1.413e+01          -1.958e+01             212.277          -1.559e+01             142.118          -8.111e+00     
  25.000          90.000           -1.449e+01          -1.928e+01             217.318          -1.625e+01             146.085          -8.978e+00     
  26.000          90.000           -1.513e+01          -1.905e+01             221.830          -1.739e+01             149.821          -9.967e+00     
  27.000          90.000           -1.602e+01          -1.892e+01             225.887          -1.915e+01             153.596          -1.047e+01     
  28.000          90.000           -1.712e+01          -1.892e+01             229.581          -2.181e+01             157.843          -9.137e+00     
  29.000          90.000           -1.828e+01          -1.906e+01             233.012          -2.615e+01             163.907          -5.274e+00     
  30.000          90.000           -1.926e+01          -1.937e+01             236.289          -3.560e+01             183.500           5.081e+00     
  31.000          90.000           -1.969e+01          -1.986e+01             239.534          -3.387e+01             321.042           8.977e-01     
  32.000          90.000           -1.939e+01          -2.058e+01             242.899          -2.557e+01             336.425          -8.195e+00     
  33.000          90.000           -1.854e+01          -2.158e+01             246.603          -2.153e+01             342.093          -1.238e+01     
  34.000          90.000           -1.750e+01          -2.291e+01             251.010          -1.898e+01             346.199          -9.196e+00     
  35.000          90.000           -1.650e+01          -2.470e+01             256.836          -1.722e+01             349.832          -5.707e+00     
  36.000          90.000           -1.563e+01          -2.713e+01             265.747          -1.595e+01             353.316          -2.024e+00     
  37.000          90.000           -1.492e+01          -3.038e+01             282.380          -1.504e+01             356.792           2.473e+00     
  38.000          90.000           -1.435e+01          -3.352e+01             318.501          -1.441e+01               0.343           9.476e+00     
  39.000          90.000           -1.392e+01          -3.218e+01               5.897          -1.398e+01               4.023           2.679e+01     
  40.000          90.000           -1.359e+01          -2.844e+01              31.235          -1.374e+01               7.878           9.770e+00     
  41.000          90.000           -1.336e+01          -2.536e+01              43.268          -1.364e+01              11.944           4.611e+00     
  42.000          90.000           -1.319e+01          -2.302e+01              50.249          -1.367e+01              16.257           1.882e+00     
  43.000          90.000           -1.307e+01          -2.122e+01              55.013          -1.380e+01              20.846           2.857e-01     
  44.000          90.000           -1.299e+01          -1.979e+01              58.651          -1.401e+01              25.734          -5.572e-01     
  45.000          90.000           -1.293e+01          -1.865e+01              61.656          -1.429e+01              30.930          -7.917e-01     
  46.000          90.000           -1.289e+01          -1.773e+01              64.283          -1.462e+01              36.430          -4.867e-01     
  47.000          90.000           -1.285e+01          -1.699e+01              66.678          -1.497e+01              42.207           3.203e-01     
  48.000          90.000           -1.282e+01          -1.640e+01              68.930          -1.533e+01              48.209           1.618e+00     
  49.000          90.000           -1.281e+01          -1.594e+01              71.102          -1.570e+01              54.355           3.435e+00     
  50.000          90.000           -1.280e+01          -1.559e+01              73.237          -1.604e+01              60.543           5.876e+00     
  51.000          90.000           -1.282e+01          -1.535e+01              75.369          -1.637e+01              66.657           9.214e+00     
  52.000          90.000           -1.286e+01          -1.519e+01              77.524          -1.667e+01              72.576           1.420e+01     
  53.000          90.000           -1.293e+01          -1.512e+01              79.726          -1.696e+01              78.189           2.443e+01     
  54.000          90.000           -1.304e+01          -1.512e+01              81.997          -1.724e+01              83.403           2.527e+01     
  55.000          90.000           -1.319e+01          -1.519e+01              84.357          -1.752e+01              88.151           1.670e+01     
  56.000          90.000           -1.338e+01          -1.532e+01              86.825          -1.781e+01              92.387           1.342e+01     
  57.000          90.000           -1.361e+01          -1.551e+01              89.424          -1.812e+01              96.082           1.189e+01     
  58.000          90.000           -1.389e+01          -1.576e+01              92.175          -1.847e+01              99.223           1.142e+01     
  59.000          90.000           -1.422e+01          -1.605e+01              95.102          -1.884e+01             101.805           1.188e+01     
  60.000          90.000           -1.458e+01          -1.639e+01              98.228          -1.926e+01             103.824           1.348e+01     
  61.000          90.000           -1.499e+01          -1.677e+01             101.581          -1.972e+01             105.275           1.711e+01     
  62.000          90.000           -1.543e+01          -1.719e+01             105.188          -2.022e+01             106.154           2.679e+01     
  63.000          90.000           -1.591e+01          -1.763e+01             109.077          -2.076e+01             106.454           2.015e+01     
  64.000          90.000           -1.641e+01          -1.810e+01             113.273          -2.132e+01             106.167           1.152e+01     
  65.000          90.000           -1.692e+01          -1.857e+01             117.800          -2.191e+01             105.291           6.635e+00     
  66.000          90.000           -1.743e+01          -1.905e+01             122.673          -2.252e+01             103.830           3.100e+00     
  67.000          90.000           -1.794e+01          -1.952e+01             127.897          -2.312e+01             101.809           2.917e-01     
  68.000          90.000           -1.843e+01          -1.996e+01             133.460          -2.370e+01              99.274          -2.041e+00     
  69.000          90.000           -1.888e+01          -2.036e+01             139.327          -2.425e+01              96.302          -4.014e+00     
  70.000          90.000           -1.928e+01          -2.072e+01             145.442          -2.476e+01              93.004          -5.674e+00     
  71.000          90.000           -1.962e+01          -2.102e+01             151.723          -2.522e+01              89.513          -7.012e+00     
  72.000          90.000           -1.990e+01          -2.125e+01             158.072          -2.564e+01              85.977          -7.964e+00     
  73.000          90.000           -2.011e+01          -2.141e+01             164.378          -2.601e+01              82.537          -8.432e+00     
  74.000          90.000           -2.027e+01          -2.150e+01             170.539          -2.634e+01              79.315          -8.361e+00     
  75.000          90.000           -2.037e+01          -2.153e+01             176.462          -2.667e+01              76.398          -7.824e+00     
  76.000          90.000           -2.043e+01          -2.151e+01             182.074          -2.700e+01              73.840          -6.964e+00     
  77.000          90.000           -2.046e+01          -2.146e+01             187.330          -2.736e+01              71.666          -5.903e+00     
  78.000          90.000           -2.047e+01          -2.137e+01             192.204          -2.775e+01              69.875          -4.713e+00     
  79.000          90.000           -2.046e+01          -2.126e+01             196.691          -2.822e+01              68.452          -3.431e+00     
  80.000          90.000           -2.045e+01          -2.115e+01             200.798          -2.876e+01              67.372          -2.072e+00     
  81.000          90.000           -2.044e+01          -2.103e+01             204.540          -2.942e+01              66.608          -6.353e-01     
  82.000          90.000           -2.043e+01          -2.091e+01             207.937          -3.020e+01              66.128           8.878e-01     
  83.000          90.000           -2.041e+01          -2.080e+01             211.011          -3.114e+01              65.907           2.517e+00     
  84.000          90.000           -2.041e+01          -2.070e+01             213.784          -3.228e+01              65.919           4.288e+00     
  85.000          90.000           -2.040e+01          -2.061e+01             216.273          -3.371e+01              66.142           6.256e+00     
  86.000          90.000           -2.040e+01          -2.054e+01             218.498          -3.551e+01              66.559           8.524e+00     
  87.000          90.000           -2.040e+01          -2.048e+01             220.470          -3.790e+01              67.155           1.129e+01     
  88.000          90.000           -2.040e+01          -2.044e+01             222.201          -4.135e+01              67.919           1.501e+01     
  89.000          90.000           -2.040e+01          -2.041e+01             223.699          -4.733e+01              68.843           2.115e+01     
  90.000          90.000           -2.040e+01          -2.040e+01             224.967          -1.411e+02              30.703           2.679e+01     
  91.000          90.000           -2.000e+02          -2.000e+02               0.000          -2.000e+02               0.000           2.679e+01     
  92.000          90.000           -2.000e+02          -2.000e+02               0.000          -2.000e+02               0.000           2.679e+01     
  93.000          90.000           -2.000e+02          -2.000e+02               0.000          -2.000e+02               0.000           2.679e+01     
  94.000          90.000           -2.000e+02          -2.000e+02               0.000          -2.000e+02               0.000           2.679e+01     
  95.000          90.000           -2.000e+02          -2.000e+02               0.000          -2.000e+02               0.000           2.679e+01     
  96.000          90.000           -2.000e+02          -2.000e+02               0.000          -2.000e+02               0.000           2.679e+01     
  97.000          90.000           -2.000e+02          -2.000e+02               0.000          -2.000e+02               0.000           2.679e+01     
  98.000          90.000           -2.000e+02          -2.000e+02               0.000          -2.000e+02               0.000           2.679e+01     
  99.000          90.000           -2.000e+02          -2.000e+02               0.000          -2.000e+02               0.000           2.679e+01     
 100.000          90.000           -2.000e+02          -2.000e+02               0.000          -2.000e+02               0.000           2.679e+01     
 101.000          90.000           -2.000e+02          -2.000e+02               0.000          -2.000e+02               0.000           2.679e+01     
 102.000          90.000           -2.000e+02          -2.000e+02               0.000          -2.000e+02               0.000           2.679e+01     
 103.000          90.000           -2.000e+02          -2.000e+02               0.000          -2.000e+02               0.000           2.679e+01     
 104.000          90.000           -2.000e+02          -2.000e+02               0.000          -2.000e+02               0.000           2.679e+01     
 105.000          90.000           -2.000e+02          -2.000e+02               0.000          -2.000e+02               0.000           2.679e+01     
 106.000          90.000           -2.000e+02          -2.000e+02               0.000          -2.000e+02               0.000           2.679e+01     
 107.000          90.000           -2.000e+02          -2.000e+02               0.000          -2.000e+02               0.000           2.679e+01     
 108.000          90.000           -2.000e+02          -2.000e+02               0.000          -2.000e+02               0.000           2.679e+01     
 109.000          90.000           -2.000e+02          -2.000e+02               0.000          -2.000e+02               0.000           2.679e+01     
 110.000          90.000           -2.000e+02          -2.000e+02               0.000          -2.000e+02               0.000           2.679e+01     
 111.000          90.000           -2.000e+02          -2.000e+02               0.000          -2.000e+02               0.000           2.679e+01     
 112.000          90.000           -2.000e+02          -2.000e+02               0.000          -2.000e+02               0.000           2.679e+01     
 113.000          90.000           -2.000e+02          -2.000e+02               0.000          -2.000e+02               0.000           2.679e+01     
 114.000          90.000           -2.000e+02          -2.000e+02               0.000          -2.000e+02               0.000           2.679e+01     
 115.000          90.000           -2.000e+02          -2.000e+02               0.000          -2.000e+02               0.000           2.679e+01     
 116.000          90.000           -2.000e+02          -2.000e+02               0.000          -2.000e+02               0.000           2.679e+01     
 117.000          90.000           -2.000e+02          -2.000e+02               0.000          -2.000e+02               0.000           2.679e+01     
 118.000          90.000           -2.000e+02          -2.000e+02               0.000          -2.000e+02               0.000           2.679e+01     
 119.000          90.000           -2.000e+02          -2.000e+02               0.000          -2.000e+02               0.000           2.679e+01     
 120.000          90.000           -2.000e+02          -2.000e+02               0.000          -2.000e+02               0.000           2.679e+01     
 121.000          90.000           -2.000e+02          -2.000e+02               0.000          -2.000e+02               0.000           2.679e+01     
 122.000          90.000           -2.000e+02          -2.000e+02               0.000          -2.000e+02               0.000           2.679e+01     
 123.000          90.000           -2.000e+02          -2.000e+02               0.000          -2.000e+02               0.000           2.679e+01     
 124.000          90.000           -2.000e+02          -2.000e+02               0.000          -2.000e+02               0.000           2.679e+01     
 125.000          90.000           -2.000e+02          -2.000e+02               0.000          -2.000e+02               0.000           2.679e+01     
 126.000          90.000           -2.000e+02          -2.000e+02               0.000          -2.000e+02               0.000           2.679e+01     
 127.000          90.000           -2.000e+02          -2.000e+02               0.000          -2.000e+02               0.000           2.679e+01     
 128.000          90.000           -2.000e+02          -2.000e+02               0.000          -2.000e+02               0.000           2.679e+01     
 129.000          90.000           -2.000e+02          -2.000e+02               0.000          -2.000e+02               0.000           2.679e+01     
 130.000          90.000           -2.000e+02          -2.000e+02               0.000          -2.000e+02               0.000           2.679e+01     
 131.000          90.000           -2.000e+02          -2.000e+02               0.000          -2.000e+02               0.000           2.679e+01     
 132.000          90.000           -2.000e+02          -2.000e+02               0.000          -2.000e+02               0.000           2.679e+01     
 133.000          90.000           -2.000e+02          -2.000e+02               0.000          -2.000e+02               0.000           2.679e+01     
 134.000          90.000           -2.000e+02          -2.000e+02               0.000          -2.000e+02               0.000           2.679e+01     
 135.000          90.000           -2.000e+02          -2.000e+02               0.000          -2.000e+02               0.000           2.679e+01     
 136.000          90.000           -2.000e+02          -2.000e+02               0.000          -2.000e+02               0.000           2.679e+01     
 137.000          90.000           -2.000e+02          -2.000e+02               0.000          -2.000e+02               0.000           2.679e+01     
 138.000          90.000           -2.000e+02          -2.000e+02               0.000          -2.000e+02               0.000           2.679e+01     
 139.000          90.000           -2.000e+02          -2.000e+02               0.000          -2.000e+02               0.000           2.679e+01     
 140.000          90.000           -2.000e+02          -2.000e+02               0.000          -2.000e+02               0.000           2.679e+01     
 141.000          90.000           -2.000e+02          -2.000e+02               0.000          -2.000e+02               0.000           2.679e+01     
 142.000          90.000           -2.000e+02          -2.000e+02               0.000          -2.000e+02               0.000           2.679e+01     
 143.000          90.000           -2.000e+02          -2.000e+02               0.000          -2.000e+02               0.000           2.679e+01     
 144.000          90.000           -2.000e+02          -2.000e+02               0.000          -2.000e+02               0.000           2.679e+01     
 145.000          90.000           -2.000e+02          -2.000e+02               0.000          -2.000e+02               0.000           2.679e+01     
 146.000          90.000           -2.000e+02          -2.000e+02               0.000          -2.000e+02               0.000           2.679e+01     
 147.000          90.000           -2.000e+02          -2.000e+02               0.000          -2.000e+02               0.000           2.679e+01     
 148.000          90.000           -2.000e+02          -2.000e+02               0.000          -2.000e+02               0.000           2.679e+01     
 149.000          90.000           -2.000e+02          -2.000e+02               0.000          -2.000e+02               0.000           2.679e+01     
 150.000          90.000           -2.000e+02          -2.000e+02               0.000          -2.000e+02               0.000           2.679e+01     
 151.000          90.000           -2.000e+02          -2.000e+02               0.000          -2.000e+02               0.000           2.679e+01     
 152.000          90.000           -2.000e+02          -2.000e+02               0.000          -2.000e+02               0.000           2.679e+01     
 153.000          90.000           -2.000e+02          -2.000e+02               0.000          -2.000e+02               0.000           2.679e+01     
 154.000          90.000           -2.000e+02          -2.000e+02               0.000          -2.000e+02               0.000           2.679e+01     
 155.000          90.000           -2.000e+02          -2.000e+02               0.000          -2.000e+02               0.000           2.679e+01     
 156.000          90.000           -2.000e+02          -2.000e+02               0.000          -2.000e+02               0.000           2.679e+01     
 157.000          90.000           -2.000e+02          -2.000e+02               0.000          -2.000e+02               0.000           2.679e+01     
 158.000          90.000           -2.000e+02          -2.000e+02               0.000          -2.000e+02               0.000           2.679e+01     
 159.000          90.000           -2.000e+02          -2.000e+02               0.000          -2.000e+02               0.000           2.679e+01     
 160.000          90.000           -2.000e+02          -2.000e+02               0.000          -2.000e+02               0.000           2.679e+01     
 161.000          90.000           -2.000e+02          -2.000e+02               0.000          -2.000e+02               0.000           2.679e+01     
 162.000          90.000           -2.000e+02          -2.000e+02               0.000          -2.000e+02               0.000           2.679e+01     
 163.000          90.000           -2.000e+02          -2.000e+02               0.000          -2.000e+02               0.000           2.679e+01     
 164.000          90.000           -2.000e+02          -2.000e+02               0.000          -2.000e+02               0.000           2.679e+01     
 165.000          90.000           -2.000e+02          -2.000e+02               0.000          -2.000e+02               0.000           2.679e+01     
 166.000          90.000           -2.000e+02          -2.000e+02               0.000          -2.000e+02               0.000           2.679e+01     
 167.000          90.000           -2.000e+02          -2.000e+02               0.000          -2.000e+02               0.000           2.679e+01     
 168.000          90.000           -2.000e+02          -2.000e+02               0.000          -2.000e+02               0.000           2.679e+01     
 169.000          90.000           -2.000e+02          -2.000e+02               0.000          -2.000e+02               0.000           2.679e+01     
 170.000          90.000           -2.000e+02          -2.000e+02               0.000          -2.000e+02               0.000           2.679e+01     
 171.000          90.000           -2.000e+02          -2.000e+02               0.000          -2.000e+02               0.000           2.679e+01     
 172.000          90.000           -2.000e+02          -2.000e+02               0.000          -2.000e+02               0.000           2.679e+01     
 173.000          90.000           -2.000e+02          -2.000e+02               0.000          -2.000e+02               0.000           2.679e+01     
 174.000          90.000           -2.000e+02          -2.000e+02               0.000          -2.000e+02               0.000           2.679e+01     
 175.000          90.000           -2.000e+02          -2.000e+02               0.000          -2.000e+02               0.000           2.679e+01     
 176.000          90.000           -2.000e+02          -2.000e+02               0.000          -2.000e+02               0.000           2.679e+01     
 177.000          90.000           -2.000e+02          -2.000e+02               0.000          -2.000e+02               0.000           2.679e+01     
 178.000          90.000           -2.000e+02          -2.000e+02               0.000          -2.000e+02               0.000           2.679e+01     
 179.000          90.000           -2.000e+02          -2.000e+02               0.000          -2.000e+02               0.000           2.679e+01     
