Theta [deg.]  Phi   [deg.]  Abs(Dir.)[dB    ]   Abs(Theta)[dB    ]  Phase(Theta)[deg.]  Abs(Phi  )[dB    ]  Phase(Phi  )[deg.]  Ax.Ratio[dB    ]    
------------------------------------------------------------------------------------------------------------------------------------------------------
-180.000          90.000           -2.000e+02          -2.000e+02               0.000          -2.000e+02               0.000           2.748e+01     
-179.000          90.000           -2.000e+02          -2.000e+02               0.000          -2.000e+02               0.000           2.748e+01     
-178.000          90.000           -2.000e+02          -2.000e+02               0.000          -2.000e+02               0.000           2.748e+01     
-177.000          90.000           -2.000e+02          -2.000e+02               0.000          -2.000e+02               0.000           2.748e+01     
-176.000          90.000           -2.000e+02          -2.000e+02               0.000          -2.000e+02               0.000           2.748e+01     
-175.000          90.000           -2.000e+02          -2.000e+02               0.000          -2.000e+02               0.000           2.748e+01     
-174.000          90.000           -2.000e+02          -2.000e+02               0.000          -2.000e+02               0.000           2.748e+01     
-173.000          90.000           -2.000e+02          -2.000e+02               0.000          -2.000e+02               0.000           2.748e+01     
-172.000          90.000           -2.000e+02          -2.000e+02               0.000          -2.000e+02               0.000           2.748e+01     
-171.000          90.000           -2.000e+02          -2.000e+02               0.000          -2.000e+02               0.000           2.748e+01     
-170.000          90.000           -2.000e+02          -2.000e+02               0.000          -2.000e+02               0.000           2.748e+01     
-169.000          90.000           -2.000e+02          -2.000e+02               0.000          -2.000e+02               0.000           2.748e+01     
-168.000          90.000           -2.000e+02          -2.000e+02               0.000          -2.000e+02               0.000           2.748e+01     
-167.000          90.000           -2.000e+02          -2.000e+02               0.000          -2.000e+02               0.000           2.748e+01     
-166.000          90.000           -2.000e+02          -2.000e+02               0.000          -2.000e+02               0.000           2.748e+01     
-165.000          90.000           -2.000e+02          -2.000e+02               0.000          -2.000e+02               0.000           2.748e+01     
-164.000          90.000           -2.000e+02          -2.000e+02               0.000          -2.000e+02               0.000           2.748e+01     
-163.000          90.000           -2.000e+02          -2.000e+02               0.000          -2.000e+02               0.000           2.748e+01     
-162.000          90.000           -2.000e+02          -2.000e+02               0.000          -2.000e+02               0.000           2.748e+01     
-161.000          90.000           -2.000e+02          -2.000e+02               0.000          -2.000e+02               0.000           2.748e+01     
-160.000          90.000           -2.000e+02          -2.000e+02               0.000          -2.000e+02               0.000           2.748e+01     
-159.000          90.000           -2.000e+02          -2.000e+02               0.000          -2.000e+02               0.000           2.748e+01     
-158.000          90.000           -2.000e+02          -2.000e+02               0.000          -2.000e+02               0.000           2.748e+01     
-157.000          90.000           -2.000e+02          -2.000e+02               0.000          -2.000e+02               0.000           2.748e+01     
-156.000          90.000           -2.000e+02          -2.000e+02               0.000          -2.000e+02               0.000           2.748e+01     
-155.000          90.000           -2.000e+02          -2.000e+02               0.000          -2.000e+02               0.000           2.748e+01     
-154.000          90.000           -2.000e+02          -2.000e+02               0.000          -2.000e+02               0.000           2.748e+01     
-153.000          90.000           -2.000e+02          -2.000e+02               0.000          -2.000e+02               0.000           2.748e+01     
-152.000          90.000           -2.000e+02          -2.000e+02               0.000          -2.000e+02               0.000           2.748e+01     
-151.000          90.000           -2.000e+02          -2.000e+02               0.000          -2.000e+02               0.000           2.748e+01     
-150.000          90.000           -2.000e+02          -2.000e+02               0.000          -2.000e+02               0.000           2.748e+01     
-149.000          90.000           -2.000e+02          -2.000e+02               0.000          -2.000e+02               0.000           2.748e+01     
-148.000          90.000           -2.000e+02          -2.000e+02               0.000          -2.000e+02               0.000           2.748e+01     
-147.000          90.000           -2.000e+02          -2.000e+02               0.000          -2.000e+02               0.000           2.748e+01     
-146.000          90.000           -2.000e+02          -2.000e+02               0.000          -2.000e+02               0.000           2.748e+01     
-145.000          90.000           -2.000e+02          -2.000e+02               0.000          -2.000e+02               0.000           2.748e+01     
-144.000          90.000           -2.000e+02          -2.000e+02               0.000          -2.000e+02               0.000           2.748e+01     
-143.000          90.000           -2.000e+02          -2.000e+02               0.000          -2.000e+02               0.000           2.748e+01     
-142.000          90.000           -2.000e+02          -2.000e+02               0.000          -2.000e+02               0.000           2.748e+01     
-141.000          90.000           -2.000e+02          -2.000e+02               0.000          -2.000e+02               0.000           2.748e+01     
-140.000          90.000           -2.000e+02          -2.000e+02               0.000          -2.000e+02               0.000           2.748e+01     
-139.000          90.000           -2.000e+02          -2.000e+02               0.000          -2.000e+02               0.000           2.748e+01     
-138.000          90.000           -2.000e+02          -2.000e+02               0.000          -2.000e+02               0.000           2.748e+01     
-137.000          90.000           -2.000e+02          -2.000e+02               0.000          -2.000e+02               0.000           2.748e+01     
-136.000          90.000           -2.000e+02          -2.000e+02               0.000          -2.000e+02               0.000           2.748e+01     
-135.000          90.000           -2.000e+02          -2.000e+02               0.000          -2.000e+02               0.000           2.748e+01     
-134.000          90.000           -2.000e+02          -2.000e+02               0.000          -2.000e+02               0.000           2.748e+01     
-133.000          90.000           -2.000e+02          -2.000e+02               0.000          -2.000e+02               0.000           2.748e+01     
-132.000          90.000           -2.000e+02          -2.000e+02               0.000          -2.000e+02               0.000           2.748e+01     
-131.000          90.000           -2.000e+02          -2.000e+02               0.000          -2.000e+02               0.000           2.748e+01     
-130.000          90.000           -2.000e+02          -2.000e+02               0.000          -2.000e+02               0.000           2.748e+01     
-129.000          90.000           -2.000e+02          -2.000e+02               0.000          -2.000e+02               0.000           2.748e+01     
-128.000          90.000           -2.000e+02          -2.000e+02               0.000          -2.000e+02               0.000           2.748e+01     
-127.000          90.000           -2.000e+02          -2.000e+02               0.000          -2.000e+02               0.000           2.748e+01     
-126.000          90.000           -2.000e+02          -2.000e+02               0.000          -2.000e+02               0.000           2.748e+01     
-125.000          90.000           -2.000e+02          -2.000e+02               0.000          -2.000e+02               0.000           2.748e+01     
-124.000          90.000           -2.000e+02          -2.000e+02               0.000          -2.000e+02               0.000           2.748e+01     
-123.000          90.000           -2.000e+02          -2.000e+02               0.000          -2.000e+02               0.000           2.748e+01     
-122.000          90.000           -2.000e+02          -2.000e+02               0.000          -2.000e+02               0.000           2.748e+01     
-121.000          90.000           -2.000e+02          -2.000e+02               0.000          -2.000e+02               0.000           2.748e+01     
-120.000          90.000           -2.000e+02          -2.000e+02               0.000          -2.000e+02               0.000           2.748e+01     
-119.000          90.000           -2.000e+02          -2.000e+02               0.000          -2.000e+02               0.000           2.748e+01     
-118.000          90.000           -2.000e+02          -2.000e+02               0.000          -2.000e+02               0.000           2.748e+01     
-117.000          90.000           -2.000e+02          -2.000e+02               0.000          -2.000e+02               0.000           2.748e+01     
-116.000          90.000           -2.000e+02          -2.000e+02               0.000          -2.000e+02               0.000           2.748e+01     
-115.000          90.000           -2.000e+02          -2.000e+02               0.000          -2.000e+02               0.000           2.748e+01     
-114.000          90.000           -2.000e+02          -2.000e+02               0.000          -2.000e+02               0.000           2.748e+01     
-113.000          90.000           -2.000e+02          -2.000e+02               0.000          -2.000e+02               0.000           2.748e+01     
-112.000          90.000           -2.000e+02          -2.000e+02               0.000          -2.000e+02               0.000           2.748e+01     
-111.000          90.000           -2.000e+02          -2.000e+02               0.000          -2.000e+02               0.000           2.748e+01     
-110.000          90.000           -2.000e+02          -2.000e+02               0.000          -2.000e+02               0.000           2.748e+01     
-109.000          90.000           -2.000e+02          -2.000e+02               0.000          -2.000e+02               0.000           2.748e+01     
-108.000          90.000           -2.000e+02          -2.000e+02               0.000          -2.000e+02               0.000           2.748e+01     
-107.000          90.000           -2.000e+02          -2.000e+02               0.000          -2.000e+02               0.000           2.748e+01     
-106.000          90.000           -2.000e+02          -2.000e+02               0.000          -2.000e+02               0.000           2.748e+01     
-105.000          90.000           -2.000e+02          -2.000e+02               0.000          -2.000e+02               0.000           2.748e+01     
-104.000          90.000           -2.000e+02          -2.000e+02               0.000          -2.000e+02               0.000           2.748e+01     
-103.000          90.000           -2.000e+02          -2.000e+02               0.000          -2.000e+02               0.000           2.748e+01     
-102.000          90.000           -2.000e+02          -2.000e+02               0.000          -2.000e+02               0.000           2.748e+01     
-101.000          90.000           -2.000e+02          -2.000e+02               0.000          -2.000e+02               0.000           2.748e+01     
-100.000          90.000           -2.000e+02          -2.000e+02               0.000          -2.000e+02               0.000           2.748e+01     
 -99.000          90.000           -2.000e+02          -2.000e+02               0.000          -2.000e+02               0.000           2.748e+01     
 -98.000          90.000           -2.000e+02          -2.000e+02               0.000          -2.000e+02               0.000           2.748e+01     
 -97.000          90.000           -2.000e+02          -2.000e+02               0.000          -2.000e+02               0.000           2.748e+01     
 -96.000          90.000           -2.000e+02          -2.000e+02               0.000          -2.000e+02               0.000           2.748e+01     
 -95.000          90.000           -2.000e+02          -2.000e+02               0.000          -2.000e+02               0.000           2.748e+01     
 -94.000          90.000           -2.000e+02          -2.000e+02               0.000          -2.000e+02               0.000           2.748e+01     
 -93.000          90.000           -2.000e+02          -2.000e+02               0.000          -2.000e+02               0.000           2.748e+01     
 -92.000          90.000           -2.000e+02          -2.000e+02               0.000          -2.000e+02               0.000           2.748e+01     
 -91.000          90.000           -2.000e+02          -2.000e+02               0.000          -2.000e+02               0.000           2.748e+01     
 -90.000          90.000           -1.977e+01          -1.977e+01             177.217          -1.492e+02             324.493           2.748e+01     
 -89.000          90.000           -1.966e+01          -1.976e+01             176.053          -3.619e+01             156.713           1.368e+01     
 -88.000          90.000           -1.935e+01          -1.972e+01             174.919          -3.018e+01             155.605           8.220e+00     
 -87.000          90.000           -1.888e+01          -1.967e+01             173.811          -2.668e+01             154.544           5.561e+00     
 -86.000          90.000           -1.831e+01          -1.960e+01             172.730          -2.421e+01             153.531           4.146e+00     
 -85.000          90.000           -1.768e+01          -1.951e+01             171.671          -2.231e+01             152.567           3.429e+00     
 -84.000          90.000           -1.703e+01          -1.940e+01             170.634          -2.078e+01             151.654           3.132e+00     
 -83.000          90.000           -1.638e+01          -1.928e+01             169.613          -1.950e+01             150.793           3.095e+00     
 -82.000          90.000           -1.576e+01          -1.915e+01             168.606          -1.842e+01             149.987           3.220e+00     
 -81.000          90.000           -1.517e+01          -1.901e+01             167.609          -1.748e+01             149.238           3.447e+00     
 -80.000          90.000           -1.462e+01          -1.887e+01             166.619          -1.667e+01             148.550           3.741e+00     
 -79.000          90.000           -1.412e+01          -1.872e+01             165.632          -1.596e+01             147.925           4.082e+00     
 -78.000          90.000           -1.365e+01          -1.858e+01             164.646          -1.534e+01             147.367           4.463e+00     
 -77.000          90.000           -1.324e+01          -1.844e+01             163.657          -1.480e+01             146.883           4.879e+00     
 -76.000          90.000           -1.287e+01          -1.831e+01             162.663          -1.433e+01             146.477           5.335e+00     
 -75.000          90.000           -1.255e+01          -1.819e+01             161.662          -1.393e+01             146.157           5.840e+00     
 -74.000          90.000           -1.227e+01          -1.809e+01             160.650          -1.359e+01             145.930           6.405e+00     
 -73.000          90.000           -1.205e+01          -1.801e+01             159.627          -1.332e+01             145.807           7.052e+00     
 -72.000          90.000           -1.187e+01          -1.795e+01             158.589          -1.310e+01             145.799           7.808e+00     
 -71.000          90.000           -1.175e+01          -1.793e+01             157.535          -1.294e+01             145.919           8.715e+00     
 -70.000          90.000           -1.167e+01          -1.794e+01             156.460          -1.285e+01             146.186           9.839e+00     
 -69.000          90.000           -1.166e+01          -1.799e+01             155.362          -1.281e+01             146.620           1.129e+01     
 -68.000          90.000           -1.170e+01          -1.809e+01             154.233          -1.284e+01             147.248           1.328e+01     
 -67.000          90.000           -1.180e+01          -1.824e+01             153.068          -1.292e+01             148.099           1.627e+01     
 -66.000          90.000           -1.197e+01          -1.845e+01             151.857          -1.308e+01             149.215           2.179e+01     
 -65.000          90.000           -1.221e+01          -1.874e+01             150.584          -1.330e+01             150.642           2.748e+01     
 -64.000          90.000           -1.251e+01          -1.911e+01             149.230          -1.359e+01             152.443           2.017e+01     
 -63.000          90.000           -1.289e+01          -1.958e+01             147.765          -1.394e+01             154.692           1.356e+01     
 -62.000          90.000           -1.335e+01          -2.016e+01             146.142          -1.436e+01             157.481           9.377e+00     
 -61.000          90.000           -1.388e+01          -2.088e+01             144.291          -1.484e+01             160.918           6.202e+00     
 -60.000          90.000           -1.447e+01          -2.178e+01             142.095          -1.537e+01             165.124           3.621e+00     
 -59.000          90.000           -1.512e+01          -2.289e+01             139.357          -1.592e+01             170.222           1.502e+00     
 -58.000          90.000           -1.580e+01          -2.429e+01             135.709          -1.646e+01             176.303          -1.187e-01     
 -57.000          90.000           -1.645e+01          -2.607e+01             130.412          -1.695e+01             183.379          -1.037e+00     
 -56.000          90.000           -1.700e+01          -2.835e+01             121.799          -1.733e+01             191.319          -8.405e-01     
 -55.000          90.000           -1.738e+01          -3.119e+01             105.739          -1.756e+01             199.804           1.129e+00     
 -54.000          90.000           -1.752e+01          -3.360e+01              74.383          -1.763e+01             208.364           6.414e+00     
 -53.000          90.000           -1.740e+01          -3.266e+01              35.056          -1.753e+01             216.494           2.748e+01     
 -52.000          90.000           -1.708e+01          -2.955e+01              11.086          -1.733e+01             223.795           5.414e+00     
 -51.000          90.000           -1.663e+01          -2.668e+01             359.236          -1.708e+01             230.046          -3.119e-01     
 -50.000          90.000           -1.615e+01          -2.439e+01             352.853          -1.685e+01             235.181          -3.555e+00     
 -49.000          90.000           -1.568e+01          -2.256e+01             349.108          -1.668e+01             239.228          -5.782e+00     
 -48.000          90.000           -1.529e+01          -2.108e+01             346.831          -1.662e+01             242.247          -7.485e+00     
 -47.000          90.000           -1.498e+01          -1.987e+01             345.484          -1.669e+01             244.279          -8.887e+00     
 -46.000          90.000           -1.478e+01          -1.888e+01             344.795          -1.692e+01             245.317          -1.008e+01     
 -45.000          90.000           -1.467e+01          -1.806e+01             344.620          -1.734e+01             245.263          -1.092e+01     
 -44.000          90.000           -1.466e+01          -1.740e+01             344.877          -1.797e+01             243.898          -1.075e+01     
 -43.000          90.000           -1.473e+01          -1.687e+01             345.524          -1.882e+01             240.795          -9.517e+00     
 -42.000          90.000           -1.483e+01          -1.645e+01             346.537          -1.990e+01             235.213          -7.682e+00     
 -41.000          90.000           -1.493e+01          -1.613e+01             347.905          -2.110e+01             226.009          -5.211e+00     
 -40.000          90.000           -1.498e+01          -1.591e+01             349.624          -2.214e+01             212.010          -1.700e+00     
 -39.000          90.000           -1.493e+01          -1.576e+01             351.689          -2.249e+01             193.825           4.174e+00     
 -38.000          90.000           -1.474e+01          -1.569e+01             354.094          -2.181e+01             175.598           2.712e+01     
 -37.000          90.000           -1.442e+01          -1.567e+01             356.822          -2.044e+01             161.534           6.213e+00     
 -36.000          90.000           -1.400e+01          -1.570e+01             359.846          -1.891e+01             152.325           3.482e-01     
 -35.000          90.000           -1.354e+01          -1.577e+01               3.126          -1.751e+01             146.819          -2.619e+00     
 -34.000          90.000           -1.310e+01          -1.587e+01               6.602          -1.636e+01             143.876          -4.348e+00     
 -33.000          90.000           -1.272e+01          -1.600e+01              10.201          -1.547e+01             142.765          -5.353e+00     
 -32.000          90.000           -1.244e+01          -1.616e+01              13.839          -1.484e+01             143.085          -5.886e+00     
 -31.000          90.000           -1.228e+01          -1.634e+01              17.427          -1.444e+01             144.668          -6.095e+00     
 -30.000          90.000           -1.226e+01          -1.657e+01              20.870          -1.427e+01             147.504          -6.058e+00     
 -29.000          90.000           -1.239e+01          -1.684e+01              24.089          -1.432e+01             151.730          -5.781e+00     
 -28.000          90.000           -1.265e+01          -1.717e+01              27.013          -1.454e+01             157.608          -5.189e+00     
 -27.000          90.000           -1.302e+01          -1.758e+01              29.582          -1.489e+01             165.503          -4.104e+00     
 -26.000          90.000           -1.343e+01          -1.809e+01              31.749          -1.525e+01             175.759          -2.197e+00     
 -25.000          90.000           -1.379e+01          -1.872e+01              33.473          -1.547e+01             188.391           1.186e+00     
 -24.000          90.000           -1.394e+01          -1.949e+01              34.715          -1.536e+01             202.644           7.959e+00     
 -23.000          90.000           -1.378e+01          -2.042e+01              35.426          -1.485e+01             216.987           2.647e+01     
 -22.000          90.000           -1.331e+01          -2.155e+01              35.542          -1.401e+01             229.906           8.472e+00     
 -21.000          90.000           -1.261e+01          -2.292e+01              34.973          -1.304e+01             240.687           5.321e+00     
 -20.000          90.000           -1.186e+01          -2.456e+01              33.578          -1.210e+01             249.387           4.921e+00     
 -19.000          90.000           -1.118e+01          -2.654e+01              31.142          -1.130e+01             256.395           5.821e+00     
 -18.000          90.000           -1.065e+01          -2.894e+01              27.332          -1.071e+01             262.135           7.508e+00     
 -17.000          90.000           -1.033e+01          -3.188e+01              21.617          -1.036e+01             266.963           9.840e+00     
 -16.000          90.000           -1.028e+01          -3.557e+01              13.139          -1.029e+01             271.155           1.296e+01     
 -15.000          90.000           -1.054e+01          -4.052e+01               0.274          -1.054e+01             274.934           1.749e+01     
 -14.000          90.000           -1.119e+01          -4.870e+01             336.341          -1.119e+01             278.500           2.643e+01     
 -13.000          90.000           -1.237e+01          -5.417e+01             195.286          -1.237e+01             282.089           2.748e+01     
 -12.000          90.000           -1.430e+01          -4.310e+01             154.074          -1.431e+01             286.120           1.886e+01     
 -11.000          90.000           -1.759e+01          -3.740e+01             136.686          -1.764e+01             291.808           1.483e+01     
 -10.000          90.000           -2.398e+01          -3.321e+01             124.767          -2.453e+01             306.760           2.644e+01     
  -9.000          90.000           -2.601e+01          -2.985e+01             116.213          -2.833e+01              69.800          -4.974e+00     
  -8.000          90.000           -1.739e+01          -2.707e+01             109.934          -1.788e+01              98.234           1.148e+01     
  -7.000          90.000           -1.256e+01          -2.476e+01             105.201          -1.283e+01             104.927           2.748e+01     
  -6.000          90.000           -9.331e+00          -2.283e+01             101.525          -9.529e+00             108.838           1.908e+01     
  -5.000          90.000           -6.951e+00          -2.123e+01              98.576          -7.117e+00             111.872           1.468e+01     
  -4.000          90.000           -5.112e+00          -1.992e+01              96.125          -5.258e+00             114.530           1.242e+01     
  -3.000          90.000           -3.660e+00          -1.885e+01              94.015          -3.793e+00             117.004           1.093e+01     
  -2.000          90.000           -2.509e+00          -1.802e+01              92.125          -2.633e+00             119.389           9.841e+00     
  -1.000          90.000           -1.605e+00          -1.738e+01              90.357          -1.721e+00             121.739           8.982e+00     
   0.000          90.000           -9.143e-01          -1.695e+01              88.631          -1.024e+00             124.093           8.280e+00     
   1.000          90.000           -4.130e-01          -1.669e+01              86.873          -5.165e-01             126.479           7.691e+00     
   2.000          90.000           -8.541e-02          -1.661e+01              84.999          -1.832e-01             128.922           7.186e+00     
   3.000          90.000            7.914e-02          -1.669e+01              82.931          -1.324e-02             131.446           6.747e+00     
   4.000          90.000            8.735e-02          -1.692e+01              80.576           0.000e+00             134.079           6.361e+00     
   5.000          90.000           -5.715e-02          -1.729e+01              77.833          -1.400e-01             136.850           6.016e+00     
   6.000          90.000           -3.533e-01          -1.779e+01              74.591          -4.325e-01             139.796           5.704e+00     
   7.000          90.000           -8.025e-01          -1.838e+01              70.745          -8.791e-01             142.965           5.416e+00     
   8.000          90.000           -1.408e+00          -1.902e+01              66.223          -1.484e+00             146.417           5.147e+00     
   9.000          90.000           -2.176e+00          -1.966e+01              61.043          -2.254e+00             150.237           4.891e+00     
  10.000          90.000           -3.114e+00          -2.025e+01              55.380          -3.198e+00             154.541           4.650e+00     
  11.000          90.000           -4.228e+00          -2.072e+01              49.613          -4.327e+00             159.499           4.433e+00     
  12.000          90.000           -5.526e+00          -2.104e+01              44.294          -5.650e+00             165.357           4.283e+00     
  13.000          90.000           -7.007e+00          -2.121e+01              40.031          -7.175e+00             172.490           4.312e+00     
  14.000          90.000           -8.644e+00          -2.124e+01              37.318          -8.889e+00             181.448           4.809e+00     
  15.000          90.000           -1.036e+01          -2.119e+01              36.445          -1.074e+01             192.998           6.577e+00     
  16.000          90.000           -1.198e+01          -2.105e+01              37.493          -1.256e+01             207.951           1.271e+01     
  17.000          90.000           -1.322e+01          -2.085e+01              40.356          -1.405e+01             226.421           1.544e+01     
  18.000          90.000           -1.385e+01          -2.057e+01              44.779          -1.489e+01             246.646           3.609e+00     
  19.000          90.000           -1.392e+01          -2.020e+01              50.369          -1.509e+01             265.530          -8.519e-01     
  20.000          90.000           -1.371e+01          -1.973e+01              56.685          -1.495e+01             281.172          -3.097e+00     
  21.000          90.000           -1.347e+01          -1.918e+01              63.282          -1.483e+01             293.612          -4.434e+00     
  22.000          90.000           -1.336e+01          -1.858e+01              69.817          -1.491e+01             303.697          -5.449e+00     
  23.000          90.000           -1.343e+01          -1.797e+01              76.084          -1.530e+01             312.292          -6.378e+00     
  24.000          90.000           -1.367e+01          -1.739e+01              82.004          -1.607e+01             320.115          -7.226e+00     
  25.000          90.000           -1.406e+01          -1.688e+01              87.596          -1.728e+01             327.837          -7.772e+00     
  26.000          90.000           -1.455e+01          -1.644e+01              92.940          -1.908e+01             336.335          -7.520e+00     
  27.000          90.000           -1.504e+01          -1.611e+01              98.144          -2.168e+01             347.336          -5.974e+00     
  28.000          90.000           -1.542e+01          -1.588e+01             103.335          -2.547e+01               5.929          -2.842e+00     
  29.000          90.000           -1.559e+01          -1.576e+01             108.652          -2.967e+01              49.373           2.793e+00     
  30.000          90.000           -1.548e+01          -1.575e+01             114.244          -2.767e+01             107.791           1.891e+01     
  31.000          90.000           -1.515e+01          -1.585e+01             120.274          -2.339e+01             134.401           8.616e+00     
  32.000          90.000           -1.467e+01          -1.603e+01             126.911          -2.035e+01             147.533           3.377e+00     
  33.000          90.000           -1.414e+01          -1.628e+01             134.330          -1.824e+01             156.350           1.935e+00     
  34.000          90.000           -1.363e+01          -1.655e+01             142.681          -1.674e+01             163.471           2.212e+00     
  35.000          90.000           -1.318e+01          -1.680e+01             152.038          -1.566e+01             169.864           3.649e+00     
  36.000          90.000           -1.281e+01          -1.696e+01             162.329          -1.491e+01             175.985           6.161e+00     
  37.000          90.000           -1.250e+01          -1.697e+01             173.275          -1.441e+01             182.096           1.011e+01     
  38.000          90.000           -1.224e+01          -1.679e+01             184.404          -1.411e+01             188.370           1.710e+01     
  39.000          90.000           -1.202e+01          -1.644e+01             195.174          -1.398e+01             194.940           2.748e+01     
  40.000          90.000           -1.183e+01          -1.593e+01             205.151          -1.396e+01             201.900           1.864e+01     
  41.000          90.000           -1.163e+01          -1.535e+01             214.100          -1.404e+01             209.327           1.518e+01     
  42.000          90.000           -1.143e+01          -1.473e+01             221.982          -1.417e+01             217.253           1.518e+01     
  43.000          90.000           -1.122e+01          -1.413e+01             228.882          -1.433e+01             225.661           1.850e+01     
  44.000          90.000           -1.099e+01          -1.358e+01             234.937          -1.447e+01             234.466           2.748e+01     
  45.000          90.000           -1.075e+01          -1.308e+01             240.295          -1.457e+01             243.519           1.862e+01     
  46.000          90.000           -1.052e+01          -1.266e+01             245.093          -1.462e+01             252.615           1.135e+01     
  47.000          90.000           -1.030e+01          -1.231e+01             249.448          -1.462e+01             261.535           7.293e+00     
  48.000          90.000           -1.011e+01          -1.204e+01             253.457          -1.456e+01             270.079           4.563e+00     
  49.000          90.000           -9.954e+00          -1.185e+01             257.201          -1.447e+01             278.106           2.578e+00     
  50.000          90.000           -9.841e+00          -1.172e+01             260.746          -1.438e+01             285.536           1.079e+00     
  51.000          90.000           -9.778e+00          -1.167e+01             264.148          -1.430e+01             292.350          -7.780e-02     
  52.000          90.000           -9.771e+00          -1.168e+01             267.453          -1.426e+01             298.567          -9.769e-01     
  53.000          90.000           -9.822e+00          -1.176e+01             270.704          -1.426e+01             304.232          -1.674e+00     
  54.000          90.000           -9.934e+00          -1.189e+01             273.936          -1.433e+01             309.402          -2.206e+00     
  55.000          90.000           -1.011e+01          -1.209e+01             277.184          -1.447e+01             314.135          -2.598e+00     
  56.000          90.000           -1.034e+01          -1.233e+01             280.479          -1.468e+01             318.487          -2.867e+00     
  57.000          90.000           -1.064e+01          -1.263e+01             283.851          -1.498e+01             322.507          -3.023e+00     
  58.000          90.000           -1.099e+01          -1.297e+01             287.330          -1.536e+01             326.241          -3.072e+00     
  59.000          90.000           -1.141e+01          -1.336e+01             290.948          -1.582e+01             329.726          -3.013e+00     
  60.000          90.000           -1.188e+01          -1.378e+01             294.732          -1.638e+01             332.993          -2.843e+00     
  61.000          90.000           -1.241e+01          -1.424e+01             298.714          -1.704e+01             336.072          -2.552e+00     
  62.000          90.000           -1.299e+01          -1.473e+01             302.922          -1.780e+01             338.984          -2.124e+00     
  63.000          90.000           -1.361e+01          -1.523e+01             307.383          -1.866e+01             341.748          -1.537e+00     
  64.000          90.000           -1.427e+01          -1.575e+01             312.119          -1.965e+01             344.382          -7.574e-01     
  65.000          90.000           -1.495e+01          -1.627e+01             317.148          -2.078e+01             346.898           2.633e-01     
  66.000          90.000           -1.565e+01          -1.678e+01             322.474          -2.205e+01             349.307           1.593e+00     
  67.000          90.000           -1.634e+01          -1.727e+01             328.089          -2.351e+01             351.618           3.329e+00     
  68.000          90.000           -1.701e+01          -1.773e+01             333.967          -2.519e+01             353.837           5.621e+00     
  69.000          90.000           -1.763e+01          -1.814e+01             340.056          -2.716e+01             355.966           8.701e+00     
  70.000          90.000           -1.817e+01          -1.850e+01             346.295          -2.951e+01             358.004           1.298e+01     
  71.000          90.000           -1.862e+01          -1.880e+01             352.596          -3.245e+01             359.936           1.936e+01     
  72.000          90.000           -1.896e+01          -1.904e+01             358.865          -3.640e+01               1.707           2.748e+01     
  73.000          90.000           -1.919e+01          -1.921e+01               5.011          -4.264e+01               3.046           2.748e+01     
  74.000          90.000           -1.933e+01          -1.933e+01              10.949          -6.436e+01             352.283           2.748e+01     
  75.000          90.000           -1.939e+01          -1.940e+01              16.611          -4.566e+01             189.406           2.748e+01     
  76.000          90.000           -1.938e+01          -1.942e+01              21.949          -3.998e+01             190.403           2.208e+01     
  77.000          90.000           -1.934e+01          -1.941e+01              26.936          -3.716e+01             191.884           1.708e+01     
  78.000          90.000           -1.927e+01          -1.937e+01              31.559          -3.551e+01             193.442           1.395e+01     
  79.000          90.000           -1.920e+01          -1.932e+01              35.821          -3.453e+01             195.005           1.190e+01     
  80.000          90.000           -1.912e+01          -1.926e+01              39.733          -3.401e+01             196.550           1.057e+01     
  81.000          90.000           -1.905e+01          -1.920e+01              43.310          -3.385e+01             198.067           9.776e+00     
  82.000          90.000           -1.900e+01          -1.914e+01              46.573          -3.401e+01             199.553           9.429e+00     
  83.000          90.000           -1.895e+01          -1.908e+01              49.539          -3.447e+01             201.004           9.480e+00     
  84.000          90.000           -1.892e+01          -1.902e+01              52.227          -3.523e+01             202.421           9.922e+00     
  85.000          90.000           -1.889e+01          -1.897e+01              54.655          -3.636e+01             203.802           1.079e+01     
  86.000          90.000           -1.888e+01          -1.893e+01              56.836          -3.794e+01             205.146           1.216e+01     
  87.000          90.000           -1.886e+01          -1.890e+01              58.781          -4.017e+01             206.454           1.424e+01     
  88.000          90.000           -1.886e+01          -1.887e+01              60.501          -4.350e+01             207.725           1.746e+01     
  89.000          90.000           -1.886e+01          -1.886e+01              62.002          -4.941e+01             208.958           2.331e+01     
  90.000          90.000           -1.885e+01          -1.885e+01              63.286          -1.372e+02             228.013           2.748e+01     
  91.000          90.000           -2.000e+02          -2.000e+02               0.000          -2.000e+02               0.000           2.748e+01     
  92.000          90.000           -2.000e+02          -2.000e+02               0.000          -2.000e+02               0.000           2.748e+01     
  93.000          90.000           -2.000e+02          -2.000e+02               0.000          -2.000e+02               0.000           2.748e+01     
  94.000          90.000           -2.000e+02          -2.000e+02               0.000          -2.000e+02               0.000           2.748e+01     
  95.000          90.000           -2.000e+02          -2.000e+02               0.000          -2.000e+02               0.000           2.748e+01     
  96.000          90.000           -2.000e+02          -2.000e+02               0.000          -2.000e+02               0.000           2.748e+01     
  97.000          90.000           -2.000e+02          -2.000e+02               0.000          -2.000e+02               0.000           2.748e+01     
  98.000          90.000           -2.000e+02          -2.000e+02               0.000          -2.000e+02               0.000           2.748e+01     
  99.000          90.000           -2.000e+02          -2.000e+02               0.000          -2.000e+02               0.000           2.748e+01     
 100.000          90.000           -2.000e+02          -2.000e+02               0.000          -2.000e+02               0.000           2.748e+01     
 101.000          90.000           -2.000e+02          -2.000e+02               0.000          -2.000e+02               0.000           2.748e+01     
 102.000          90.000           -2.000e+02          -2.000e+02               0.000          -2.000e+02               0.000           2.748e+01     
 103.000          90.000           -2.000e+02          -2.000e+02               0.000          -2.000e+02               0.000           2.748e+01     
 104.000          90.000           -2.000e+02          -2.000e+02               0.000          -2.000e+02               0.000           2.748e+01     
 105.000          90.000           -2.000e+02          -2.000e+02               0.000          -2.000e+02               0.000           2.748e+01     
 106.000          90.000           -2.000e+02          -2.000e+02               0.000          -2.000e+02               0.000           2.748e+01     
 107.000          90.000           -2.000e+02          -2.000e+02               0.000          -2.000e+02               0.000           2.748e+01     
 108.000          90.000           -2.000e+02          -2.000e+02               0.000          -2.000e+02               0.000           2.748e+01     
 109.000          90.000           -2.000e+02          -2.000e+02               0.000          -2.000e+02               0.000           2.748e+01     
 110.000          90.000           -2.000e+02          -2.000e+02               0.000          -2.000e+02               0.000           2.748e+01     
 111.000          90.000           -2.000e+02          -2.000e+02               0.000          -2.000e+02               0.000           2.748e+01     
 112.000          90.000           -2.000e+02          -2.000e+02               0.000          -2.000e+02               0.000           2.748e+01     
 113.000          90.000           -2.000e+02          -2.000e+02               0.000          -2.000e+02               0.000           2.748e+01     
 114.000          90.000           -2.000e+02          -2.000e+02               0.000          -2.000e+02               0.000           2.748e+01     
 115.000          90.000           -2.000e+02          -2.000e+02               0.000          -2.000e+02               0.000           2.748e+01     
 116.000          90.000           -2.000e+02          -2.000e+02               0.000          -2.000e+02               0.000           2.748e+01     
 117.000          90.000           -2.000e+02          -2.000e+02               0.000          -2.000e+02               0.000           2.748e+01     
 118.000          90.000           -2.000e+02          -2.000e+02               0.000          -2.000e+02               0.000           2.748e+01     
 119.000          90.000           -2.000e+02          -2.000e+02               0.000          -2.000e+02               0.000           2.748e+01     
 120.000          90.000           -2.000e+02          -2.000e+02               0.000          -2.000e+02               0.000           2.748e+01     
 121.000          90.000           -2.000e+02          -2.000e+02               0.000          -2.000e+02               0.000           2.748e+01     
 122.000          90.000           -2.000e+02          -2.000e+02               0.000          -2.000e+02               0.000           2.748e+01     
 123.000          90.000           -2.000e+02          -2.000e+02               0.000          -2.000e+02               0.000           2.748e+01     
 124.000          90.000           -2.000e+02          -2.000e+02               0.000          -2.000e+02               0.000           2.748e+01     
 125.000          90.000           -2.000e+02          -2.000e+02               0.000          -2.000e+02               0.000           2.748e+01     
 126.000          90.000           -2.000e+02          -2.000e+02               0.000          -2.000e+02               0.000           2.748e+01     
 127.000          90.000           -2.000e+02          -2.000e+02               0.000          -2.000e+02               0.000           2.748e+01     
 128.000          90.000           -2.000e+02          -2.000e+02               0.000          -2.000e+02               0.000           2.748e+01     
 129.000          90.000           -2.000e+02          -2.000e+02               0.000          -2.000e+02               0.000           2.748e+01     
 130.000          90.000           -2.000e+02          -2.000e+02               0.000          -2.000e+02               0.000           2.748e+01     
 131.000          90.000           -2.000e+02          -2.000e+02               0.000          -2.000e+02               0.000           2.748e+01     
 132.000          90.000           -2.000e+02          -2.000e+02               0.000          -2.000e+02               0.000           2.748e+01     
 133.000          90.000           -2.000e+02          -2.000e+02               0.000          -2.000e+02               0.000           2.748e+01     
 134.000          90.000           -2.000e+02          -2.000e+02               0.000          -2.000e+02               0.000           2.748e+01     
 135.000          90.000           -2.000e+02          -2.000e+02               0.000          -2.000e+02               0.000           2.748e+01     
 136.000          90.000           -2.000e+02          -2.000e+02               0.000          -2.000e+02               0.000           2.748e+01     
 137.000          90.000           -2.000e+02          -2.000e+02               0.000          -2.000e+02               0.000           2.748e+01     
 138.000          90.000           -2.000e+02          -2.000e+02               0.000          -2.000e+02               0.000           2.748e+01     
 139.000          90.000           -2.000e+02          -2.000e+02               0.000          -2.000e+02               0.000           2.748e+01     
 140.000          90.000           -2.000e+02          -2.000e+02               0.000          -2.000e+02               0.000           2.748e+01     
 141.000          90.000           -2.000e+02          -2.000e+02               0.000          -2.000e+02               0.000           2.748e+01     
 142.000          90.000           -2.000e+02          -2.000e+02               0.000          -2.000e+02               0.000           2.748e+01     
 143.000          90.000           -2.000e+02          -2.000e+02               0.000          -2.000e+02               0.000           2.748e+01     
 144.000          90.000           -2.000e+02          -2.000e+02               0.000          -2.000e+02               0.000           2.748e+01     
 145.000          90.000           -2.000e+02          -2.000e+02               0.000          -2.000e+02               0.000           2.748e+01     
 146.000          90.000           -2.000e+02          -2.000e+02               0.000          -2.000e+02               0.000           2.748e+01     
 147.000          90.000           -2.000e+02          -2.000e+02               0.000          -2.000e+02               0.000           2.748e+01     
 148.000          90.000           -2.000e+02          -2.000e+02               0.000          -2.000e+02               0.000           2.748e+01     
 149.000          90.000           -2.000e+02          -2.000e+02               0.000          -2.000e+02               0.000           2.748e+01     
 150.000          90.000           -2.000e+02          -2.000e+02               0.000          -2.000e+02               0.000           2.748e+01     
 151.000          90.000           -2.000e+02          -2.000e+02               0.000          -2.000e+02               0.000           2.748e+01     
 152.000          90.000           -2.000e+02          -2.000e+02               0.000          -2.000e+02               0.000           2.748e+01     
 153.000          90.000           -2.000e+02          -2.000e+02               0.000          -2.000e+02               0.000           2.748e+01     
 154.000          90.000           -2.000e+02          -2.000e+02               0.000          -2.000e+02               0.000           2.748e+01     
 155.000          90.000           -2.000e+02          -2.000e+02               0.000          -2.000e+02               0.000           2.748e+01     
 156.000          90.000           -2.000e+02          -2.000e+02               0.000          -2.000e+02               0.000           2.748e+01     
 157.000          90.000           -2.000e+02          -2.000e+02               0.000          -2.000e+02               0.000           2.748e+01     
 158.000          90.000           -2.000e+02          -2.000e+02               0.000          -2.000e+02               0.000           2.748e+01     
 159.000          90.000           -2.000e+02          -2.000e+02               0.000          -2.000e+02               0.000           2.748e+01     
 160.000          90.000           -2.000e+02          -2.000e+02               0.000          -2.000e+02               0.000           2.748e+01     
 161.000          90.000           -2.000e+02          -2.000e+02               0.000          -2.000e+02               0.000           2.748e+01     
 162.000          90.000           -2.000e+02          -2.000e+02               0.000          -2.000e+02               0.000           2.748e+01     
 163.000          90.000           -2.000e+02          -2.000e+02               0.000          -2.000e+02               0.000           2.748e+01     
 164.000          90.000           -2.000e+02          -2.000e+02               0.000          -2.000e+02               0.000           2.748e+01     
 165.000          90.000           -2.000e+02          -2.000e+02               0.000          -2.000e+02               0.000           2.748e+01     
 166.000          90.000           -2.000e+02          -2.000e+02               0.000          -2.000e+02               0.000           2.748e+01     
 167.000          90.000           -2.000e+02          -2.000e+02               0.000          -2.000e+02               0.000           2.748e+01     
 168.000          90.000           -2.000e+02          -2.000e+02               0.000          -2.000e+02               0.000           2.748e+01     
 169.000          90.000           -2.000e+02          -2.000e+02               0.000          -2.000e+02               0.000           2.748e+01     
 170.000          90.000           -2.000e+02          -2.000e+02               0.000          -2.000e+02               0.000           2.748e+01     
 171.000          90.000           -2.000e+02          -2.000e+02               0.000          -2.000e+02               0.000           2.748e+01     
 172.000          90.000           -2.000e+02          -2.000e+02               0.000          -2.000e+02               0.000           2.748e+01     
 173.000          90.000           -2.000e+02          -2.000e+02               0.000          -2.000e+02               0.000           2.748e+01     
 174.000          90.000           -2.000e+02          -2.000e+02               0.000          -2.000e+02               0.000           2.748e+01     
 175.000          90.000           -2.000e+02          -2.000e+02               0.000          -2.000e+02               0.000           2.748e+01     
 176.000          90.000           -2.000e+02          -2.000e+02               0.000          -2.000e+02               0.000           2.748e+01     
 177.000          90.000           -2.000e+02          -2.000e+02               0.000          -2.000e+02               0.000           2.748e+01     
 178.000          90.000           -2.000e+02          -2.000e+02               0.000          -2.000e+02               0.000           2.748e+01     
 179.000          90.000           -2.000e+02          -2.000e+02               0.000          -2.000e+02               0.000           2.748e+01     
